284.97247602 	284.64023761 	284.25183837 	283.80298222 	283.28774894 	282.69428803 	282.01331224 	281.22946260 	280.33782140 	279.31506851 	278.13839213 	276.78410290 	275.21372773 	273.39100413 	271.29485611 	268.89546817 	266.19339516 	263.29143935 	260.46720657 	258.51304978 	258.51898063 	260.48175902 	263.31153467 	266.21810312 	268.92119814 	271.32039545 	273.41509172 	275.23556937 	276.80338901 	278.15485389 	279.32880332 	280.34881986 	281.23779974 	282.01905670 	282.69761184 	283.28876405 	283.80168196 	284.24829878 	284.63460894 	284.96468907 	
284.64031931 	284.31032973 	283.92210747 	283.47366222 	282.95894602 	282.36610615 	281.68585936 	280.90285985 	280.01219189 	278.99056150 	277.81518332 	276.46239456 	274.89376914 	273.07308827 	270.97931001 	268.58266675 	265.88371875 	262.98518269 	260.16434757 	258.21254948 	258.21860663 	260.17916855 	263.00573653 	265.90893775 	268.60883824 	271.00516987 	273.09733296 	274.91558782 	276.48147432 	277.83125607 	279.00373075 	280.02245200 	280.91029306 	281.69054129 	282.36821218 	282.95859363 	283.47086147 	283.91696428 	284.30295137 	284.63314739 	
284.25190284 	283.92209043 	283.53643942 	283.08829900 	282.57415503 	281.98202522 	281.30262012 	280.52060868 	279.63107635 	278.61075812 	277.43689815 	276.08586549 	274.51928873 	272.70100020 	270.60999654 	268.21656539 	265.52127451 	262.62673714 	259.80986738 	257.86081920 	257.86699935 	259.82495547 	262.64775882 	265.54701479 	268.24318103 	270.63616072 	272.72536521 	274.54101793 	276.10464386 	277.45245804 	278.62320827 	279.64042096 	280.52693646 	281.30601330 	281.98266778 	282.57218753 	283.08376674 	283.52940606 	283.91542379 	284.24529832 	
283.80305515 	283.47365392 	283.08830777 	282.64311543 	282.12943697 	281.53809049 	280.85963901 	280.07875604 	279.19052753 	278.17172099 	276.99961240 	275.65060553 	274.08639452 	272.27086921 	270.18307310 	267.79335308 	265.10228838 	262.21237165 	259.40008418 	257.45420704 	257.46051839 	259.41544960 	262.23390058 	265.12859844 	267.82044689 	270.20955329 	272.29532972 	274.10797222 	275.66898217 	277.01451856 	278.18327940 	279.19875040 	280.08373990 	280.86147909 	281.53699933 	282.12559978 	282.63653383 	283.08209073 	283.46764622 	283.79701009 	
283.28787192 	282.95898813 	282.57421434 	282.12948765 	281.61921111 	281.02854655 	280.35114813 	279.57153943 	278.68479288 	277.66771150 	276.49760680 	275.15092123 	273.58942187 	271.77706553 	269.69294764 	267.30749078 	264.62127661 	261.73666381 	258.92963768 	256.98739513 	256.99383484 	258.94529044 	261.75874526 	264.64820823 	267.33510129 	269.71975100 	271.80158426 	273.61076281 	275.16876350 	276.51168688 	277.67816293 	278.69163906 	279.57489253 	280.35113911 	281.02544082 	281.61315227 	282.12385049 	282.56876340 	282.95363333 	283.28235244 	
282.69448573 	282.36622322 	281.98215943 	281.53821600 	281.02862119 	280.44193045 	279.76550580 	278.98732021 	278.10225872 	277.08714912 	275.91934303 	274.57532625 	273.01694726 	271.20823847 	269.12835568 	266.74780466 	264.06717988 	261.18867781 	258.38770758 	256.44963064 	256.45622997 	258.40367388 	261.21136233 	264.09478845 	266.77595478 	269.15545925 	271.23274241 	273.03792309 	274.59245789 	275.93237012 	277.09621898 	278.10741424 	278.98871597 	279.76333631 	280.43642002 	281.02367177 	281.53348157 	281.97747782 	282.36149072 	282.68944614 	
282.01354722 	281.68601417 	281.30279215 	280.85980244 	280.35126070 	279.76554408 	279.09379377 	278.31697287 	277.43379312 	276.42092025 	275.25573330 	273.91476606 	272.35995986 	270.55543139 	268.48040393 	266.10547920 	263.43126240 	260.55977367 	257.76575277 	255.83246676 	255.83926716 	257.78209993 	260.58315472 	263.45962868 	266.13420886 	268.50779669 	270.57984751 	272.38043709 	273.93098699 	275.26744266 	276.42829181 	277.43692080 	278.31608499 	279.08904698 	279.76136857 	280.34740278 	280.85599603 	281.29886230 	281.68186525 	282.00894559 	
281.22970373 	280.90302148 	280.52078784 	280.07892699 	279.57165967 	278.98736680 	278.31698158 	277.54572915 	276.66441597 	275.65406223 	274.49186414 	273.15439003 	271.60368611 	269.80396442 	267.73452443 	265.36607608 	262.69923438 	259.83581088 	257.04977383 	255.12203408 	255.12901051 	257.06650866 	259.85991189 	262.72837374 	265.39535948 	267.76212783 	269.82814900 	271.62344554 	273.16940948 	274.50190486 	275.65935990 	276.66515249 	277.54209321 	278.31386808 	278.98453154 	279.56894134 	280.07604549 	280.51758009 	280.89942001 	281.22550303 	
280.33807212 	280.01236390 	279.63126624 	279.19070966 	278.68492454 	278.10231756 	277.43381446 	276.66442870 	275.78975126 	274.78192069 	273.62305658 	272.28952417 	270.74346468 	268.94919653 	266.88610368 	264.52501590 	261.86655846 	259.01229236 	256.23537616 	254.31389525 	254.32103723 	256.25244448 	259.03713093 	261.89645845 	264.55478708 	266.91378103 	268.97293053 	270.76220276 	272.30296759 	273.63102302 	274.78474893 	275.78758708 	276.66283018 	277.43238131 	278.10090852 	278.68336967 	279.18874261 	279.62875884 	280.00928351 	280.33424147 	
279.31542860 	278.99084378 	278.61105868 	278.17201428 	277.66795460 	277.08732026 	276.42105436 	275.65418783 	274.78203360 	273.78224999 	272.62682893 	271.29775254 	269.75699465 	267.96896686 	265.91314673 	263.56049806 	260.91164341 	258.06791182 	255.30140655 	253.38704651 	253.39428447 	255.31864012 	258.09328629 	260.94210967 	263.59048822 	265.94055374 	267.99182334 	269.77421455 	271.30910011 	272.63222408 	273.78199693 	274.78241082 	275.65470010 	276.42141652 	277.08738072 	277.66756600 	278.17095093 	278.60923530 	278.98826410 	279.31194321 	
278.13874378 	277.81545825 	277.43719189 	276.99989955 	276.49784420 	275.91950957 	275.25586349 	274.49198608 	273.62316617 	272.62682594 	271.48129505 	270.15691450 	268.62219103 	266.84132186 	264.79385827 	262.45090696 	259.81312658 	256.98148090 	254.22691855 	252.32067182 	252.32786610 	254.24401677 	257.00703610 	259.84373025 	262.48064111 	264.82043386 	266.86266976 	268.63724346 	270.16555810 	271.48339446 	272.62975072 	273.62621094 	274.49477304 	275.25809826 	275.92106732 	276.49863178 	276.99974029 	277.43604688 	277.81336602 	278.13558929 	
276.78449772 	276.46271389 	276.08620421 	275.65093841 	275.15120483 	274.57554020 	273.91494446 	273.15456054 	272.28968256 	271.29779881 	270.15696385 	268.84487107 	267.31658900 	265.54388742 	263.50601326 	261.17423228 	258.54917239 	255.73141266 	252.99052856 	251.09350900 	251.10042617 	253.00698673 	255.75653479 	258.57922565 	261.20292679 	263.53093113 	265.56289074 	267.32870077 	268.84991595 	270.16301475 	271.30408363 	272.29561369 	273.15973964 	273.91910934 	274.57862823 	275.15318974 	275.65169555 	276.08573818 	276.46110693 	276.78166874 	
275.21426446 	274.89423169 	274.51977127 	274.08687205 	273.58985052 	273.01730754 	272.36028540 	271.60400409 	270.74377084 	269.75718902 	268.62238842 	267.31673711 	265.80404618 	264.04023534 	262.01344231 	259.69458855 	257.08425084 	254.28252109 	251.55736330 	249.67080973 	249.67705446 	251.57224917 	254.30600982 	257.11238817 	259.72079684 	262.03528080 	264.05562571 	265.81185762 	267.32649441 	268.63249637 	269.76699871 	270.75265446 	271.61158869 	272.36638047 	273.02192380 	273.59303028 	274.08853970 	274.51998271 	274.89311047 	275.21176317 	
273.39163672 	273.07364797 	272.70158036 	272.27144485 	271.77759286 	271.20869867 	270.55585753 	269.80438318 	268.94960358 	267.96926247 	266.84162042 	265.54413639 	264.04033625 	262.29656305 	260.28192995 	257.97800203 	255.38471120 	252.60149039 	249.89438846 	248.01965853 	248.02465053 	249.90635037 	252.62157550 	255.40896520 	257.99977418 	260.29891811 	262.30649800 	264.05367242 	265.55873271 	266.85597714 	267.98266952 	268.96145232 	269.81437249 	270.56388200 	271.21484609 	271.78196755 	272.27402812 	272.70247911 	273.07302611 	273.38948176 	
271.29546555 	270.97984797 	270.61055551 	270.18362825 	269.69345530 	269.12879769 	268.48081286 	267.73492652 	266.88649459 	265.91342724 	264.79414210 	263.50624805 	262.01353020 	260.28191788 	258.29305144 	256.00542293 	253.43159615 	250.66947579 	247.98278214 	246.12113031 	246.12375242 	247.98940822 	250.68303435 	253.44865495 	256.01962560 	258.30203827 	260.29761417 	262.03202915 	263.52548340 	264.81246431 	265.93013661 	266.90105287 	267.74711642 	268.49061126 	269.13635797 	269.69894504 	270.18707975 	270.61212218 	270.97973246 	271.29368014 	
268.89620520 	268.58333300 	268.21725239 	267.79403621 	267.30812638 	266.74837523 	266.10601652 	265.36660606 	264.52553408 	263.56090569 	262.45131676 	261.17459207 	259.69480101 	257.97811401 	256.00554561 	253.75116723 	251.19844024 	248.46010218 	245.79621534 	243.94870725 	243.94721356 	245.79380057 	248.46247748 	251.20351816 	253.75290370 	256.01969943 	257.99855481 	259.71764648 	261.19759921 	262.47281366 	263.58023482 	264.54224324 	265.38055351 	266.11724917 	266.75709815 	267.31455836 	267.79825502 	268.21944367 	268.58372207 	268.89482541 	
266.19428057 	265.88453337 	265.52210887 	265.10311807 	264.62205820 	264.06789615 	263.43194446 	262.69990764 	261.86721839 	260.91219211 	259.81367504 	258.54966892 	257.08459894 	255.38495710 	253.43184984 	251.19857074 	248.68816495 	245.97476405 	243.33566791 	241.50297564 	241.49502349 	243.31949184 	245.96018020 	248.67486911 	251.20483269 	253.45005359 	255.40909325 	257.11061242 	258.57530158 	259.83733747 	260.93332040 	261.88540621 	262.71508615 	263.44421236 	264.07749731 	264.62925047 	265.10801072 	265.52489931 	265.88545922 	266.19338244 	
263.29239134 	262.98606250 	262.62763413 	262.21326151 	261.73750372 	261.18945005 	260.56050867 	259.83653364 	259.01299804 	258.06850363 	256.98206788 	255.73194350 	254.28290063 	252.60176362 	250.66975256 	248.46025368 	245.97478423 	243.31251521 	240.69657667 	238.87748430 	238.85936157 	240.65940336 	243.27136345 	245.96492860 	248.46857489 	250.68925777 	252.62657992 	254.30916309 	255.75759054 	257.00567306 	258.08957226 	259.03119474 	259.85177760 	260.57292530 	261.19928543 	261.74502330 	262.21856695 	262.63090986 	262.98753028 	263.29208498 	
260.46982460 	260.16688858 	259.81241950 	259.40262274 	258.93212060 	258.39011514 	257.76811443 	257.05211425 	256.23768967 	255.30359685 	254.22909143 	252.99263222 	251.55930347 	249.89620673 	247.98458677 	245.79787691 	243.33718019 	240.69804627 	238.13850816 	236.32621891 	236.29328624 	238.07128870 	240.66680805 	243.33167269 	245.80739314 	248.00319422 	249.91899264 	251.58311323 	253.01582177 	254.25049735 	255.32282684 	256.25445976 	257.06636979 	257.77990432 	258.39965950 	258.93964987 	259.40821024 	259.81620262 	260.16904810 	260.47037082 	
258.51453201 	258.21395169 	257.86222933 	257.45560061 	256.98873146 	256.45088787 	255.83367507 	255.12321844 	254.31504945 	253.38807614 	252.32168069 	251.09444655 	249.67158425 	248.02031077 	246.12177074 	243.94920928 	241.50333657 	238.87781233 	236.32510251 	234.57083498 	234.51602423 	236.30166939 	238.87519128 	241.51568802 	243.96936658 	246.14617461 	248.04600646 	249.69670321 	251.11811121 	252.34325580 	253.40743154 	254.33205831 	255.13791449 	255.84614679 	256.46131274 	256.99730353 	257.46239367 	257.86735409 	258.21757335 	258.51664332 	
258.52055606 	258.22009450 	257.86848786 	257.46198251 	256.99523544 	256.45754078 	255.84051916 	255.13022895 	254.32221450 	253.39532722 	252.32887611 	251.10135233 	249.67780633 	248.02526710 	246.12434713 	243.94766078 	241.49532056 	238.85961777 	236.29210240 	234.51595399 	234.58421096 	236.34808287 	238.90695981 	241.53744113 	243.98480161 	246.15761803 	248.05518821 	249.70472187 	251.12553480 	252.35046590 	253.41465006 	254.33941706 	255.14546997 	255.85390345 	256.46928246 	257.00543106 	257.47063733 	257.87569819 	258.22598986 	258.52511149 	
260.48234394 	260.17966122 	259.82544544 	259.41591125 	258.94568564 	258.40397354 	257.78233580 	257.06670681 	256.25259645 	255.31865315 	254.24399169 	253.00687299 	251.57195709 	249.90591866 	247.98895422 	245.79319971 	243.31874475 	240.65862312 	238.06907315 	236.30058967 	236.34708522 	238.16912971 	240.73498054 	243.37920481 	245.84148288 	248.02852187 	249.93922804 	251.60062575 	253.03193557 	254.26611300 	255.33842344 	256.27032035 	257.08263345 	257.79661205 	258.41677446 	258.95707418 	259.42589405 	259.83409427 	260.18709262 	260.48851540 	
263.31328745 	263.00739093 	262.64940558 	262.23551316 	261.76028563 	261.21279851 	260.58451911 	259.86123040 	259.03839461 	258.09440085 	257.00810189 	255.75750015 	254.30678404 	252.62219582 	250.68361925 	248.46289976 	245.96044020 	243.27157229 	240.66555578 	238.87507321 	238.90691810 	240.73594845 	243.35837655 	246.02589432 	248.51305480 	250.72296754 	252.65412584 	254.33360615 	255.78065971 	257.02852171 	258.11277633 	259.05508249 	259.87650858 	260.59846095 	261.22555771 	261.77189378 	262.24594982 	262.65869816 	263.01561853 	263.32038386 	
266.21915878 	265.90989266 	265.54796084 	265.12950873 	264.64904480 	264.09551809 	263.46028431 	262.72898162 	261.89700958 	260.94250878 	259.84407887 	258.57947185 	257.11244095 	255.40886257 	253.44851843 	251.20322055 	248.67441325 	245.96443035 	243.32971030 	241.51488125 	241.53671814 	243.37949910 	246.02520761 	248.74395926 	251.25611832 	253.48985344 	255.44213070 	257.14012501 	258.60320722 	259.86494588 	260.96127473 	261.91410285 	262.74467075 	263.47467214 	264.10876525 	264.66119412 	265.14053336 	265.55787784 	265.91876888 	266.22692096 	
268.92265387 	268.61019114 	268.24452376 	267.82175222 	267.33633057 	266.77707428 	266.13525153 	265.39635143 	264.55571892 	263.59126331 	262.48136152 	261.20353968 	259.72120978 	258.00002504 	256.01983763 	253.75294848 	251.20471492 	248.46841283 	245.80575368 	243.96889888 	243.98442935 	245.84214920 	248.51273914 	251.25650206 	253.81100602 	256.06585777 	258.03759862 	259.75263030 	261.23042118 	262.50486187 	263.61224604 	264.57465872 	265.41359215 	266.15095040 	266.79143513 	267.34943865 	267.83361328 	268.25516909 	268.61970315 	268.93096637 	
271.32170702 	271.00637799 	270.63735889 	270.21071391 	269.72083478 	269.15643276 	268.50869269 	267.76297259 	266.91456499 	265.94117910 	264.82100363 	263.53139188 	262.03553925 	260.29901274 	258.30209368 	256.01958856 	253.44978114 	250.68894597 	248.00139941 	246.14557126 	246.15712342 	248.02908333 	250.72254264 	253.49013649 	256.06575346 	258.35384190 	260.34186971 	262.07180842 	263.56250521 	264.84809214 	265.96515067 	266.93598095 	267.78225437 	268.52606973 	269.17216452 	269.73506068 	270.22348613 	270.64874304 	271.01648212 	271.33048581 	
273.41639433 	273.09853220 	272.72655518 	272.29648249 	271.80266009 	271.23370808 	270.58073557 	269.82898583 	268.97370647 	267.99243943 	266.86323014 	265.56334139 	264.05587229 	262.30657960 	260.29765767 	257.99843154 	255.40880892 	252.62625996 	249.91718311 	248.04540491 	248.05470619 	249.93981910 	252.65372743 	255.44245025 	258.03753052 	260.34190802 	262.35566498 	264.09773973 	265.59949282 	266.89464296 	268.02003369 	268.99811434 	269.85071442 	270.60009841 	271.25103362 	271.81815359 	272.31024787 	272.73870648 	273.10921869 	273.42559534 	
275.23672385 	274.91663930 	274.54206097 	274.10897868 	273.61169237 	273.03874274 	272.38117966 	271.62413720 	270.76283372 	269.77468481 	268.63765822 	267.32900539 	265.81195670 	264.05360749 	262.03192666 	259.71737811 	257.11018542 	254.30870701 	251.58116559 	249.69598200 	249.70413502 	251.60112912 	254.33311892 	257.14036481 	259.75248158 	262.07176734 	264.09765913 	265.85972455 	267.37034004 	268.67362936 	269.80615300 	270.79045053 	271.64848314 	272.40265492 	273.05775577 	273.62851261 	274.12376764 	274.55498529 	274.92789080 	275.24631660 	
276.80438614 	276.48236908 	276.10553122 	275.66983396 	275.16953863 	274.59312394 	273.93157681 	273.16994916 	272.30344730 	271.30941896 	270.16582221 	268.85007033 	267.32644423 	265.55851911 	263.52523343 	261.19718476 	258.57473086 	255.75699656 	253.01373421 	251.11726559 	251.12483504 	253.03233991 	255.78007123 	258.60335308 	261.23017755 	263.56237051 	265.59931805 	267.37024653 	268.89640735 	270.20611147 	271.34464536 	272.33422267 	273.19688050 	273.95513724 	274.61379768 	275.18766553 	275.68562506 	276.11920578 	276.49416206 	276.81434513 	
278.15576454 	277.83206479 	277.45326011 	277.01528571 	276.51237734 	275.93295196 	275.26794865 	274.50236091 	273.63141922 	272.63245865 	271.48357440 	270.16308575 	268.63236182 	266.85567879 	264.81212981 	262.47231536 	259.83668467 	257.00500257 	254.24833272 	252.34234843 	252.34971854 	254.26648497 	257.02790131 	259.86506789 	262.50459437 	264.84793513 	266.89444543 	268.67351355 	270.20608912 	271.52803752 	272.67124421 	273.66525670 	274.53183798 	275.29357151 	275.95526911 	276.53179702 	277.03207145 	277.46767575 	277.84439058 	278.16608183 	
279.32965939 	279.00448523 	278.62395671 	278.18399340 	277.67880010 	277.09674787 	276.42874505 	275.65976319 	274.78509237 	273.78217772 	272.62987769 	271.30410110 	269.76680925 	267.98231574 	265.92974654 	263.57968132 	260.93261396 	258.08885295 	255.32061361 	253.40648987 	253.41388166 	255.33878832 	258.11215042 	260.96139889 	263.61198127 	265.96499798 	268.01984010 	269.80604148 	271.34462700 	272.67124828 	273.82430817 	274.82174515 	275.69164425 	276.45635215 	277.12065791 	277.69947676 	278.20174950 	278.63910336 	279.01733878 	279.34033536 	
280.34948242 	280.02301350 	279.64097719 	279.19927293 	278.69208501 	278.10775262 	277.43718415 	276.66536640 	275.78774157 	274.78240363 	273.62615066 	272.29544436 	270.75227817 	268.96091238 	266.90047787 	264.54150643 	261.88451915 	259.03030080 	256.25207324 	254.33095572 	254.33849837 	256.27054576 	259.05431655 	261.91409191 	264.57425780 	266.93569220 	268.99778345 	270.79020134 	272.33406602 	273.66512199 	274.82160613 	275.82705857 	276.69946601 	277.46667983 	278.13321224 	278.71399579 	279.21798849 	279.65685219 	280.03640174 	280.36052711 	
281.23838563 	280.91077811 	280.52741662 	280.08418668 	279.57526249 	278.98897853 	278.31627250 	277.54223115 	276.66290921 	275.65461666 	274.49463631 	273.15949324 	271.61113416 	269.81375368 	267.74646237 	265.37973797 	262.71412176 	259.85081104 	257.06391213 	255.13675316 	255.14450526 	257.08282491 	259.87571063 	262.74463388 	265.41316534 	267.78194042 	269.85035745 	271.64820757 	273.19669672 	274.53167565 	275.69147729 	276.69943808 	277.57845588 	278.34752483 	279.01593018 	279.59839265 	280.10386278 	280.54402875 	280.92471572 	281.24981992 	
282.01959499 	281.69097894 	281.30644644 	280.86187917 	280.35146229 	279.76355229 	279.08918801 	278.31396016 	277.43241451 	276.42128681 	275.25791529 	273.91881646 	272.36587872 	270.56321568 	268.48990974 	266.11638649 	263.44320206 	260.57191649 	257.77740484 	255.84495295 	255.85291513 	257.79678886 	260.59764908 	263.47462645 	266.15051496 	268.52574802 	270.59973336 	272.40237148 	273.95494552 	275.29340135 	276.45617742 	277.46664446 	278.34751777 	279.12213476 	279.79189717 	280.37577747 	280.88251787 	281.32381091 	281.70548739 	282.03144645 	
282.69806589 	282.36856565 	281.98301694 	281.53731551 	281.02567979 	280.43655179 	279.76142580 	278.98453971 	278.10085762 	277.08716622 	275.92079925 	274.57824969 	273.02133531 	271.21409228 	269.13556898 	266.75614845 	264.07640140 	261.19819520 	258.39708058 	256.46004983 	256.46823544 	258.41690177 	261.22469848 	264.10867684 	266.79095677 	269.17180015 	271.25062482 	273.05742788 	274.61356050 	275.95505274 	277.12043633 	278.13312969 	279.01587583 	279.79184960 	280.46627174 	281.05112126 	281.55891144 	282.00115688 	282.38367631 	282.71036850 	
283.28910359 	282.95883258 	282.57242227 	282.12580156 	281.61327652 	281.02368913 	280.34734547 	279.56883475 	278.68320364 	277.66723560 	276.49824735 	275.15269410 	273.59232378 	271.78109533 	269.69803747 	267.31349041 	264.62803788 	261.74382074 	258.93696197 	256.99594191 	257.00429627 	258.95712265 	261.77095765 	264.66103255 	267.34888641 	269.73462188 	271.81766879 	273.62810753 	275.18734973 	276.53150083 	277.69917431 	278.71383162 	279.59825607 	280.37564690 	281.05103819 	281.63985153 	282.14832110 	282.59134902 	282.97457977 	283.30189662 	
283.80197325 	283.47105216 	283.08395336 	282.63668752 	282.12392679 	281.53345109 	280.85589092 	280.07589102 	279.18852859 	278.17057204 	276.99930717 	275.65115082 	274.08778343 	272.27310568 	270.18612169 	267.79713687 	265.10674878 	262.21731768 	259.40547655 	257.46099302 	257.46947058 	259.42591725 	262.24498957 	265.14035112 	267.83304031 	270.22302694 	272.30974206 	274.12334123 	275.68528742 	277.03175302 	278.20142449 	279.21780165 	280.10370353 	280.88236441 	281.55880571 	282.14829881 	282.66016433 	283.10365779 	283.48746252 	283.81530035 	
284.24852232 	283.91708715 	283.52952488 	283.08217683 	282.56877195 	281.97737957 	281.29868932 	280.51735753 	279.62847644 	278.60878739 	277.43554436 	276.08512344 	274.51915555 	272.70148523 	270.61109251 	268.21825414 	265.52356693 	262.62959316 	259.81340346 	257.86589527 	257.87448086 	259.83407334 	262.65769536 	265.55765611 	268.25455629 	270.64824387 	272.73815965 	274.55451707 	276.11882538 	277.46731375 	278.63873406 	279.65662059 	280.54382439 	281.32361191 	282.00100552 	282.59128119 	283.10361216 	283.55005147 	283.93416334 	284.26241601 	
284.63478358 	284.30302519 	283.91549370 	283.46768339 	282.95359272 	282.36134317 	281.68164274 	280.89914761 	280.00895086 	278.98776524 	277.81281200 	276.46043996 	274.89223012 	273.07197834 	270.97864843 	268.58247816 	265.88407328 	262.98616267 	260.16619989 	258.21607202 	258.22473732 	260.18704272 	263.01458857 	265.91852290 	268.61906594 	271.01595842 	273.10864635 	274.92739624 	276.49375438 	277.84400044 	279.01694061 	280.03614076 	280.92448155 	281.70525814 	282.38349456 	282.97448155 	283.48738637 	283.93413285 	284.32081741 	284.64925158 	
284.96477470 	284.63313220 	284.24527924 	283.79695822 	283.28222257 	282.68920915 	282.00863336 	281.22514054 	280.33381825 	279.31135304 	278.13494335 	276.78090905 	275.21078916 	273.38833959 	271.29250136 	268.89348700 	266.19190310 	263.29062708 	260.46743545 	258.51506205 	258.52378705 	260.48839954 	263.31928993 	266.22661335 	268.93026691 	271.32989914 	273.42495851 	275.24575616 	276.81387009 	278.16562303 	279.33986736 	280.36019540 	281.24951426 	282.03114495 	282.71011405 	283.30172547 	283.81515093 	284.26231209 	284.64917809 	284.97986546 	
