-5.62779324 	-5.61308209 	-5.63298893 	-5.65015919 	-5.66527448 	-5.68783474 	-5.72042706 	-5.76868197 	-5.83399107 	-5.89137460 	-6.07636996 	-6.32332409 	-6.76234792 	-7.68253007 	-10.16104522 	-27.04594141 	-10.28580063 	-7.85915823 	-6.94817960 	-6.51503973 	-6.25661108 	-6.07127252 	-6.01372910 	-5.94924885 	-5.90260159 	-5.86814878 	-5.84233461 	-5.82524850 	-5.81064498 	-5.80126300 	
-5.63915561 	-5.63293587 	-5.61915559 	-5.64571950 	-5.66385554 	-5.68795671 	-5.72150257 	-5.77049690 	-5.83649787 	-5.89428397 	-6.07984045 	-6.32723336 	-6.76727696 	-7.68927709 	-10.17299905 	-27.08809089 	-10.30447597 	-7.87504112 	-6.96279180 	-6.52908080 	-6.27010092 	-6.08448480 	-6.02688773 	-5.96229727 	-5.91566191 	-5.88114293 	-5.85521914 	-5.83794849 	-5.82285790 	-5.81114998 	
-5.65349867 	-5.65002237 	-5.64563493 	-5.63476465 	-5.66329908 	-5.69079417 	-5.72614376 	-5.77635183 	-5.84327088 	-5.90186660 	-6.08826189 	-6.33642641 	-6.77802368 	-7.70287491 	-10.19453491 	-27.15731851 	-10.33403923 	-7.89959329 	-6.98520168 	-6.55058052 	-6.29075500 	-6.10469320 	-6.04691975 	-5.98225187 	-5.93555228 	-5.90088922 	-5.87470527 	-5.85681421 	-5.83905178 	-5.82685283 	
-5.66721952 	-5.66510080 	-5.66373516 	-5.66326731 	-5.64984389 	-5.68898021 	-5.72820000 	-5.78057801 	-5.84892115 	-5.90850982 	-6.09621188 	-6.34524471 	-6.78874127 	-7.71689145 	-10.21786658 	-27.23489111 	-10.36761112 	-7.92787787 	-7.01127470 	-6.57570222 	-6.31492647 	-6.12827214 	-6.07041213 	-6.00561629 	-5.95880784 	-5.92384337 	-5.89688734 	-5.87586344 	-5.85748192 	-5.84509611 	
-5.68897202 	-5.68764553 	-5.68782169 	-5.69075109 	-5.68896911 	-5.68085700 	-5.73339074 	-5.79038855 	-5.86133232 	-5.92256349 	-6.11204702 	-6.36286304 	-6.80904777 	-7.74204491 	-10.25629056 	-27.35374478 	-10.41702675 	-7.96851381 	-7.04832766 	-6.61113629 	-6.34894486 	-6.16156552 	-6.10345215 	-6.03840282 	-5.99129854 	-5.95545632 	-5.92487416 	-5.90307960 	-5.88444217 	-5.87194592 	
-5.72096661 	-5.72019923 	-5.72132808 	-5.72606142 	-5.72814723 	-5.73334738 	-5.73221062 	-5.80466287 	-5.88107057 	-5.94531347 	-6.13756571 	-6.39089911 	-6.84109302 	-7.78067137 	-10.31187543 	-27.51775953 	-10.48337354 	-8.02151293 	-7.09620731 	-6.65655724 	-6.39275863 	-6.20426006 	-6.14584186 	-6.08022997 	-6.03208759 	-5.99205855 	-5.96059655 	-5.93850276 	-5.91972562 	-5.90716321 	
-5.76858585 	-5.76838830 	-5.77025554 	-5.77620143 	-5.78045536 	-5.79027336 	-5.80459029 	-5.81532465 	-5.90983291 	-5.98047205 	-6.17745116 	-6.43492303 	-6.89033421 	-7.83929348 	-10.39270606 	-27.74678138 	-10.57313266 	-8.09129650 	-7.15843755 	-6.71533173 	-6.44944040 	-6.25944787 	-6.20032238 	-6.13326743 	-6.08008109 	-6.03902364 	-6.00727255 	-5.98507914 	-5.96624692 	-5.95369949 	
-5.83350558 	-5.83366453 	-5.83622247 	-5.84308485 	-5.84876113 	-5.86117766 	-5.88095673 	-5.90979249 	-5.93201514 	-6.02400282 	-6.23017086 	-6.49446648 	-6.95729862 	-7.91887299 	-10.50353825 	-28.06012278 	-10.69622872 	-8.18643590 	-7.24343796 	-6.79539212 	-6.52673114 	-6.33434039 	-6.27343561 	-6.20000412 	-6.14537175 	-6.10376843 	-6.07176974 	-6.04946309 	-6.03056452 	-6.01791220 	
-5.89056034 	-5.89101348 	-5.89397273 	-5.90164383 	-5.90831131 	-5.92236848 	-5.94515773 	-5.98039102 	-6.02396394 	-6.02873241 	-6.26188343 	-6.53739584 	-7.00958165 	-7.98402521 	-10.59858417 	-28.34749733 	-10.80812429 	-8.27425605 	-7.32222621 	-6.86999164 	-6.59846600 	-6.40279707 	-6.33444322 	-6.25922936 	-6.20388764 	-6.16198019 	-6.12974274 	-6.10735609 	-6.08828938 	-6.07558626 	
-6.07515152 	-6.07597252 	-6.07949271 	-6.08800096 	-6.09597331 	-6.11180944 	-6.13736518 	-6.17732666 	-6.23008949 	-6.26184201 	-6.39216454 	-6.70719797 	-7.20458007 	-8.21547350 	-10.91542516 	-29.22232902 	-11.14870849 	-8.53734327 	-7.55654743 	-7.09008909 	-6.80877729 	-6.59824534 	-6.52661579 	-6.44899744 	-6.39215809 	-6.34915154 	-6.31622421 	-6.29328099 	-6.27380146 	-6.26083586 	
-6.32181851 	-6.32289749 	-6.32685821 	-6.33614218 	-6.34498221 	-6.36260039 	-6.39067518 	-6.43477891 	-6.49436970 	-6.53734168 	-6.70719251 	-6.89285356 	-7.45093560 	-8.51816668 	-11.33936817 	-30.41412434 	-11.61520907 	-8.90185829 	-7.88192988 	-7.39491853 	-7.09029556 	-6.86996236 	-6.79547325 	-6.71506386 	-6.65612793 	-6.61153857 	-6.57723877 	-6.55339300 	-6.53311551 	-6.51961571 	
-6.76003733 	-6.76184413 	-6.76682288 	-6.77765339 	-6.78839057 	-6.80869198 	-6.84076697 	-6.89008948 	-6.95709724 	-7.00941971 	-7.20446119 	-7.45081169 	-7.85218511 	-9.04565239 	-12.07378252 	-32.44482076 	-12.39737386 	-9.50345051 	-8.41419358 	-7.87794204 	-7.55293734 	-7.31847840 	-7.23983339 	-7.15450223 	-7.09212929 	-7.04515778 	-7.00933905 	-6.98464423 	-6.96354345 	-6.94952307 	
-7.67900099 	-7.68208550 	-7.68888298 	-7.70255732 	-7.71659290 	-7.74173625 	-7.78038117 	-7.83908948 	-7.91870902 	-7.98389765 	-8.21538805 	-8.51806694 	-9.04569381 	-10.10884237 	-13.60873906 	-36.67619712 	-14.02963146 	-10.75544312 	-9.49997501 	-8.89410591 	-8.53015033 	-8.26698500 	-8.17935668 	-8.08386981 	-8.01395370 	-7.96199583 	-7.92277609 	-7.89606336 	-7.87298842 	-7.85778606 	
-10.15401350 	-10.16087619 	-10.17287731 	-10.19445668 	-10.21780592 	-10.25620300 	-10.31176634 	-10.39268892 	-10.50354636 	-10.59860851 	-10.91548167 	-11.33937993 	-12.07397087 	-13.60886984 	-17.67409201 	-47.88992552 	-18.33630260 	-14.00499999 	-12.37093567 	-11.58455025 	-11.11959848 	-10.77947491 	-10.66798896 	-10.54463161 	-10.45486053 	-10.38999734 	-10.34256111 	-10.31113919 	-10.28353882 	-10.26581706 	
-27.01858635 	-27.04620456 	-27.08843050 	-27.15762591 	-27.23522272 	-27.35398161 	-27.51781710 	-27.74700813 	-28.06034425 	-28.34771034 	-29.22256391 	-30.41416547 	-32.44522468 	-36.67650549 	-47.89001153 	-125.00753604 	-47.80219788 	-36.53902731 	-32.30895968 	-30.27002745 	-29.08504365 	-28.21282334 	-27.92697118 	-27.61341900 	-27.38476087 	-27.22524444 	-27.11239263 	-27.04116948 	-26.97749244 	-26.93825823 	
-10.27318969 	-10.28613369 	-10.30482448 	-10.33432586 	-10.36790095 	-10.41727182 	-10.48350472 	-10.57331168 	-10.69638638 	-10.80825447 	-11.14883061 	-11.61522716 	-12.39751799 	-14.02974988 	-18.33637472 	-47.80232988 	-17.61646740 	-13.53921400 	-12.00732457 	-11.27112639 	-10.85010448 	-10.53472798 	-10.44035256 	-10.32958683 	-10.24901654 	-10.19510751 	-10.15885117 	-10.13781721 	-10.11826918 	-10.10735754 	
-7.84835825 	-7.85977690 	-7.87565760 	-7.90012034 	-7.92840193 	-7.96899603 	-8.02187103 	-8.09167438 	-8.18677848 	-8.27455662 	-8.53762035 	-8.90203827 	-9.50371705 	-10.75569481 	-14.00526572 	-36.53958586 	-13.53934528 	-10.03873132 	-8.97906492 	-8.45112610 	-8.15120706 	-7.92125809 	-7.85673141 	-7.77734442 	-7.71903288 	-7.68177435 	-7.65836246 	-7.64614606 	-7.63407903 	-7.62816817 	
-6.93807060 	-6.94869634 	-6.96330003 	-6.98561385 	-7.01168028 	-7.04869148 	-7.09644536 	-7.15868666 	-7.24364789 	-7.32239008 	-7.55668047 	-7.88196246 	-8.41429290 	-9.50004849 	-12.37100882 	-32.30907494 	-12.00730146 	-8.97897315 	-7.79097060 	-7.38880032 	-7.14489942 	-6.95126679 	-6.89954317 	-6.83276792 	-6.78382853 	-6.75300884 	-6.73426319 	-6.72515206 	-6.71575991 	-6.71158462 	
-6.50533129 	-6.51560363 	-6.52963261 	-6.55103079 	-6.57614358 	-6.61153546 	-6.65682802 	-6.71560956 	-6.79562883 	-6.87018021 	-7.09024532 	-7.39497430 	-7.87806043 	-8.89420698 	-11.58467959 	-30.27032371 	-11.27118405 	-8.45111628 	-7.38886125 	-6.83193441 	-6.64811160 	-6.47959119 	-6.43717973 	-6.37783589 	-6.33412087 	-6.30724499 	-6.29110589 	-6.28380194 	-6.27587847 	-6.27268385 	
-6.24730638 	-6.25716353 	-6.27064189 	-6.29119937 	-6.31536134 	-6.34933916 	-6.39302917 	-6.44972019 	-6.52697336 	-6.59866345 	-6.80894662 	-7.09036939 	-7.55307893 	-8.53028794 	-11.11980167 	-29.08559232 	-10.85029595 	-8.15131687 	-7.14506953 	-6.64821698 	-6.33631745 	-6.20676183 	-6.17546788 	-6.12291186 	-6.08330936 	-6.05889503 	-6.04447263 	-6.03797082 	-6.03076596 	-6.02797839 	
-6.06209323 	-6.07176541 	-6.08496474 	-6.10507577 	-6.12864352 	-6.16189700 	-6.20446546 	-6.25966231 	-6.33451645 	-6.40292817 	-6.59834626 	-6.86996538 	-7.31854586 	-8.26704480 	-10.77959894 	-28.21321073 	-10.53486456 	-7.92134961 	-6.95142257 	-6.47968735 	-6.20674992 	-5.97552134 	-5.97077454 	-5.92733879 	-5.89243529 	-5.87074716 	-5.85806139 	-5.85282112 	-5.84641595 	-5.84416956 	
-6.00452343 	-6.01414234 	-6.02728635 	-6.04721936 	-6.07069764 	-6.10369927 	-6.14595996 	-6.20044802 	-6.27352359 	-6.33448505 	-6.52662586 	-6.79538099 	-7.23980421 	-8.17931598 	-10.66800918 	-27.92715089 	-10.44042805 	-7.85679884 	-6.89968497 	-6.43726877 	-6.17544769 	-5.97076367 	-5.87980546 	-5.85735454 	-5.82878802 	-5.81008008 	-5.79901540 	-5.79474769 	-5.78913649 	-5.78728385 	
-5.94004625 	-5.94964415 	-5.96267686 	-5.98253123 	-6.00588061 	-6.03862396 	-6.08032480 	-6.13336817 	-6.20006644 	-6.25924404 	-6.44898128 	-6.71494364 	-7.15444695 	-8.08380847 	-10.54465174 	-27.61366434 	-10.32971460 	-7.77747117 	-6.83296869 	-6.37798452 	-6.12294829 	-5.92738311 	-5.85740540 	-5.76354459 	-5.75275939 	-5.73945127 	-5.73095681 	-5.72808937 	-5.72337767 	-5.72220695 	
-5.89347925 	-5.90303422 	-5.91607781 	-5.93586752 	-5.95910707 	-5.99155230 	-6.03221699 	-6.08021569 	-6.14547109 	-6.20394096 	-6.39218034 	-6.65604600 	-7.09211736 	-8.01394536 	-10.45496624 	-27.38525849 	-10.24925588 	-7.71925927 	-6.78412053 	-6.33435861 	-6.08343108 	-5.89256251 	-5.82891999 	-5.75283753 	-5.68108860 	-5.68293701 	-5.67901361 	-5.67828775 	-5.67477253 	-5.67433127 	
-5.85894913 	-5.86848216 	-5.88145815 	-5.90110403 	-5.92403882 	-5.95560298 	-5.99208010 	-6.03904876 	-6.10375529 	-6.16192391 	-6.34906784 	-6.61134820 	-7.04504103 	-7.96188416 	-10.39001455 	-27.22562733 	-10.19534380 	-7.68203209 	-6.75334171 	-6.30753044 	-6.05906285 	-5.87092205 	-5.81026060 	-5.73957945 	-5.68298618 	-5.63183444 	-5.64094994 	-5.64403538 	-5.64229776 	-5.64279387 	
-5.83314131 	-5.84260282 	-5.85547022 	-5.87485945 	-5.89702236 	-5.92496037 	-5.96056176 	-6.00724429 	-6.07170812 	-6.12963599 	-6.31608843 	-6.57699535 	-7.00916783 	-7.92260529 	-10.34250650 	-27.11259784 	-10.15902359 	-7.65857698 	-6.73456121 	-6.29136181 	-6.04461366 	-5.85821236 	-5.79917294 	-5.73106429 	-5.67904360 	-5.64093172 	-5.60336599 	-5.61785568 	-5.61946652 	-5.62148242 	
-5.81611899 	-5.82549308 	-5.83817615 	-5.85694758 	-5.87597574 	-5.90314231 	-5.93844708 	-5.98503199 	-6.04938400 	-6.10723532 	-6.29313426 	-6.55313919 	-6.98446970 	-7.89589882 	-10.31111759 	-27.04152525 	-10.13807425 	-7.64644620 	-6.72553522 	-6.28414392 	-6.03819531 	-5.85305511 	-5.79499002 	-5.72828324 	-5.67840513 	-5.64410578 	-5.61794132 	-5.59097064 	-5.60278185 	-5.60777676 	
-5.80161799 	-5.81086259 	-5.82305852 	-5.83915910 	-5.85756694 	-5.88447720 	-5.91964344 	-5.96617444 	-6.03046132 	-6.08814658 	-6.27363434 	-6.53284143 	-6.96335328 	-7.87281240 	-10.28352772 	-26.97793422 	-10.11858174 	-7.63444081 	-6.71620530 	-6.27628460 	-6.03105245 	-5.84671248 	-5.78944197 	-5.72363581 	-5.67495496 	-5.64243387 	-5.61961601 	-5.60284397 	-5.57766885 	-5.59186847 	
-5.79258399 	-5.80141542 	-5.81128421 	-5.82689436 	-5.84511293 	-5.87190945 	-5.90701241 	-5.95356014 	-6.01774340 	-6.07537942 	-6.26060532 	-6.51927574 	-6.94926890 	-7.85754679 	-10.26575058 	-26.93862687 	-10.10766557 	-7.62854666 	-6.71205298 	-6.27311738 	-6.02829117 	-5.84449338 	-5.78761804 	-5.72249554 	-5.67454520 	-5.64296244 	-5.62166261 	-5.60786879 	-5.59189696 	-5.57281919 	
-5.78656513 	-5.79332555 	-5.80278036 	-5.81825941 	-5.83638831 	-5.86311352 	-5.89819581 	-5.94470832 	-6.00888166 	-6.06647308 	-6.25154290 	-6.50982978 	-6.93954418 	-7.84717461 	-10.25428418 	-26.91537529 	-10.10245747 	-7.62680319 	-6.71146283 	-6.27319668 	-6.02857926 	-5.84512140 	-5.78853070 	-5.72375477 	-5.67636471 	-5.64532779 	-5.62480239 	-5.61234418 	-5.59907731 	-5.58831646 	
