18.65588886 	18.58739292 	18.51202887 	18.42821699 	18.33426806 	18.22776337 	18.10707840 	17.96824454 	17.81390684 	17.65087696 	17.46724145 	17.27197145 	17.08257727 	16.95909986 	17.04665373 	17.06136607 	17.04159349 	17.18760994 	17.38508734 	17.58214328 	17.76513206 	17.92502936 	18.07748773 	18.21239990 	18.32853612 	18.42954753 	18.51813392 	18.59619987 	18.66609473 	18.72840672 	
18.58740494 	18.52156393 	18.44532472 	18.36137450 	18.26749667 	18.16115646 	18.04076010 	17.90227643 	17.74843080 	17.58588093 	17.40286867 	17.20833882 	17.01985764 	16.89749028 	16.98670336 	17.00255171 	16.98485424 	17.13106074 	17.32811903 	17.52453997 	17.70686463 	17.86611015 	18.01797680 	18.15231100 	18.26789423 	18.36838545 	18.45650267 	18.53414498 	18.60374658 	18.66620078 	
18.51206981 	18.44535360 	18.37219769 	18.28730975 	18.19333856 	18.08713380 	17.96701565 	17.82895050 	17.67562856 	17.51361914 	17.33129859 	17.13758860 	16.95009842 	16.82891443 	16.91981543 	16.93681483 	16.92126828 	17.06763665 	17.26419509 	17.45989393 	17.64147826 	17.79999022 	17.95121653 	18.08488233 	18.19986244 	18.29978443 	18.38740238 	18.46467563 	18.53441337 	18.59659637 	
18.42827767 	18.36142292 	18.28732933 	18.20598247 	18.11102352 	18.00476222 	17.88488728 	17.74722907 	17.59451338 	17.43307250 	17.25152193 	17.05872018 	16.87233484 	16.75247314 	16.84528826 	16.86356928 	16.85045800 	16.99702432 	17.19299811 	17.38790392 	17.56865408 	17.72637132 	17.87685160 	18.00978028 	18.12408953 	18.22339266 	18.31056015 	18.38794236 	18.45733400 	18.51912082 	
18.33435035 	18.26756685 	18.19338016 	18.11104601 	18.02022336 	17.91294752 	17.79314020 	17.65588667 	17.50379805 	17.34304025 	17.16232043 	16.97053189 	16.78533776 	16.66683222 	16.76141694 	16.78083429 	16.77008078 	16.91667117 	17.11194382 	17.30592350 	17.48575699 	17.64254492 	17.79220102 	17.92431810 	18.03791040 	18.13666411 	18.22395129 	18.30090183 	18.36981817 	18.43116370 	
18.22787713 	18.16125791 	18.08720661 	18.00481591 	17.91297848 	17.81051998 	17.68970964 	17.55267052 	17.40121651 	17.24117193 	17.06142987 	16.87073809 	16.68686274 	16.56975456 	16.66616503 	16.68673295 	16.67839604 	16.82492891 	17.01936295 	17.21230932 	17.39104895 	17.54682575 	17.69553075 	17.82675530 	17.93968832 	18.03854260 	18.12529751 	18.20164945 	18.27002164 	18.33087671 	
18.10721467 	18.04088409 	17.96711120 	17.88496395 	17.79319410 	17.68973300 	17.57463266 	17.43664181 	17.28563252 	17.12633211 	16.94762419 	16.75817865 	16.57561321 	16.45992398 	16.55762990 	16.57896457 	16.57260424 	16.71881089 	16.91220616 	17.10388057 	17.28140710 	17.43599989 	17.58368484 	17.71410002 	17.82717315 	17.92537952 	18.01143154 	18.08712880 	18.15491915 	18.21524657 	
17.96839553 	17.90241541 	17.82906148 	17.74732166 	17.65595670 	17.55271060 	17.43665890 	17.30546287 	17.15357938 	16.99483298 	16.81721019 	16.62907332 	16.44807979 	16.33374878 	16.43236508 	16.45413622 	16.44944086 	16.59511341 	16.78716471 	16.97740351 	17.15345458 	17.30678774 	17.45349216 	17.58403362 	17.69630831 	17.79363230 	17.87888468 	17.95385936 	18.02100060 	18.08077344 	
17.81405639 	17.74856880 	17.67573914 	17.59460611 	17.50386881 	17.40125804 	17.28565162 	17.15358178 	17.00982756 	16.85009154 	16.67327287 	16.48647534 	16.30694831 	16.19384457 	16.29208220 	16.31320909 	16.30936942 	16.45390348 	16.64435859 	16.83283524 	17.00735464 	17.15953749 	17.30645585 	17.43601727 	17.54727253 	17.64364535 	17.72807526 	17.80230699 	17.86881517 	17.92800607 	
17.65104290 	17.58603566 	17.51374686 	17.43318288 	17.34312887 	17.24123185 	17.12636990 	16.99485416 	16.85011018 	16.69993078 	16.52201677 	16.33618946 	16.15814876 	16.04623774 	16.14467870 	16.16558988 	16.16262303 	16.30620310 	16.49488397 	16.68169006 	16.85488737 	17.00753030 	17.15331268 	17.28162235 	17.39170331 	17.48707207 	17.57058218 	17.64403092 	17.70982139 	17.76838035 	
17.46690665 	17.40252545 	17.33093169 	17.25114120 	17.16192165 	17.06100669 	16.94718323 	16.81675739 	16.67282226 	16.52155318 	16.35558545 	16.16846549 	15.99133383 	15.88008563 	15.97728381 	15.99657211 	15.99322293 	16.13502915 	16.32176218 	16.50698133 	16.68092384 	16.83223825 	16.97648936 	17.10331802 	17.21217926 	17.30644607 	17.38903400 	17.46164346 	17.52669327 	17.58458986 	
17.27213292 	17.20849059 	17.13771550 	17.05883172 	16.97062375 	16.87080346 	16.75822371 	16.62910345 	16.48650380 	16.33620098 	16.16893033 	15.99686089 	15.81733980 	15.70570456 	15.79960287 	15.81496362 	15.80963074 	15.94923922 	16.13420098 	16.32091128 	16.49326798 	16.64290069 	16.78538656 	16.91076664 	17.01834334 	17.11156133 	17.19320828 	17.26501014 	17.32932517 	17.38657531 	
17.08272472 	17.01999766 	16.95021623 	16.87243934 	16.78542532 	16.68692644 	16.57565906 	16.44811306 	16.30698152 	16.15816719 	15.99180173 	15.81734950 	15.65777079 	15.53976141 	15.62564118 	15.63214587 	15.62108294 	15.75821716 	15.94601784 	16.13092040 	16.30128985 	16.44910185 	16.58994727 	16.71393182 	16.82041769 	16.91274045 	16.99363044 	17.06478849 	17.12854565 	17.18531522 	
16.95937729 	16.89776425 	16.82916967 	16.75271985 	16.66706628 	16.56996849 	16.46012381 	16.33393981 	16.19403804 	16.04641962 	15.88071541 	15.70588201 	15.53993133 	15.45006412 	15.51127294 	15.49521544 	15.47156707 	15.61390747 	15.79914198 	15.98173387 	16.15021745 	16.29695815 	16.43654980 	16.55987789 	16.66591306 	16.75805043 	16.83883247 	16.91004762 	16.97381719 	17.03061702 	
17.04655218 	16.98661131 	16.91971743 	16.84519381 	16.76132789 	16.66606898 	16.55753342 	16.43227713 	16.29201014 	16.14460998 	15.97768093 	15.79955664 	15.62560090 	15.51107003 	15.60341802 	15.51113243 	15.47779083 	15.60741226 	15.78661748 	15.96693815 	16.13469468 	16.28199549 	16.42211433 	16.54676749 	16.65443134 	16.74861964 	16.83138974 	16.90463629 	16.97012306 	17.02852689 	
17.06125865 	17.00246317 	16.93672852 	16.86349491 	16.78077697 	16.68667725 	16.57891908 	16.45410789 	16.31320380 	16.16559622 	15.99706553 	15.81500476 	15.63219664 	15.49510036 	15.51120416 	15.58062836 	15.47128298 	15.57820611 	15.74823328 	15.92430651 	16.09011067 	16.23687971 	16.37604166 	16.50082336 	16.60895239 	16.70398681 	16.78759387 	16.86180870 	16.92811847 	16.98731199 	
17.04114112 	16.98443355 	16.92086291 	16.85007689 	16.76973474 	16.67806372 	16.57229633 	16.44916664 	16.30913082 	16.16241095 	15.99351312 	15.80947949 	15.62095523 	15.47128159 	15.47768908 	15.47112498 	15.39249121 	15.47482250 	15.63657677 	15.80907351 	15.97330900 	16.11997634 	16.25844179 	16.38379799 	16.49288297 	16.58938724 	16.67440187 	16.75013441 	16.81770824 	16.87809994 	
17.18716513 	17.13065280 	17.06724862 	16.99666619 	16.91635338 	16.82463130 	16.71854260 	16.59488492 	16.45371470 	16.30604533 	16.13538379 	15.94914953 	15.75815237 	15.61367822 	15.60735289 	15.57808669 	15.47484590 	15.58489292 	15.74027609 	15.91228290 	16.07704750 	16.22478901 	16.36434952 	16.49093772 	16.60131229 	16.69908091 	16.78531575 	16.86222704 	16.93082654 	16.99215856 	
17.38465567 	17.32772606 	17.26382364 	17.19265811 	17.11164627 	17.01908729 	16.91196173 	16.78696210 	16.64419728 	16.49475532 	16.32215366 	16.13414340 	15.94598466 	15.79894170 	15.78659010 	15.74814570 	15.63663283 	15.74030934 	15.91541073 	16.08507144 	16.25069206 	16.39986907 	16.54084127 	16.66895034 	16.78058504 	16.87962484 	16.96700211 	17.04496420 	17.11449694 	17.17667649 	
17.58190248 	17.52433930 	17.45971618 	17.38775914 	17.30582283 	17.21223190 	17.10383536 	16.97740095 	16.83287372 	16.68176135 	16.50757790 	16.32104978 	16.13108013 	15.98171913 	15.96707260 	15.92436215 	15.80925052 	15.91243088 	16.08518361 	16.26986082 	16.43423827 	16.58438271 	16.72667240 	16.85607556 	16.96894240 	17.06906845 	17.15744725 	17.23630570 	17.30664173 	17.36954263 	
17.76475689 	17.70652989 	17.64116689 	17.56837614 	17.48552374 	17.39083927 	17.28123036 	17.15332153 	17.00726382 	16.85483045 	16.68139649 	16.49327827 	16.30132185 	16.15007181 	16.13470760 	16.09005016 	15.97337709 	16.07708591 	16.25069324 	16.43412385 	16.61051721 	16.75963867 	16.90273365 	17.03322378 	17.14712750 	17.24823646 	17.33745176 	17.41708575 	17.48811659 	17.55164191 	
17.92472348 	17.86584472 	17.79974815 	17.72616277 	17.64238100 	17.54668533 	17.43589218 	17.30672346 	17.15951505 	17.00753912 	16.83278019 	16.64297500 	16.44919589 	16.29687023 	16.28205979 	16.23686366 	16.12008276 	16.22486263 	16.39990467 	16.58430079 	16.75967194 	16.91852364 	17.06068798 	17.19175236 	17.30641581 	17.40825714 	17.49817332 	17.57839602 	17.64998516 	17.71400918 	
18.07717190 	18.01770259 	17.95096663 	17.87663643 	17.79203169 	17.69538613 	17.58357392 	17.45342573 	17.30642955 	17.15331829 	16.97703259 	16.78545763 	16.59003620 	16.43645005 	16.42215356 	16.37598884 	16.25849846 	16.36436727 	16.54081779 	16.72652886 	16.90270573 	17.06062609 	17.21115759 	17.34139918 	17.45652136 	17.55900978 	17.64956499 	17.73040563 	17.80252903 	17.86705445 	
18.21211972 	18.15207290 	18.08466894 	18.00960220 	17.92418628 	17.82664869 	17.71402747 	17.58400325 	17.43602677 	17.28166363 	17.10389998 	16.91087173 	16.71405240 	16.55980369 	16.54681903 	16.50077345 	16.38384396 	16.49093909 	16.66890839 	16.85591069 	17.03317572 	17.19166991 	17.34137801 	17.47873701 	17.59296776 	17.69570115 	17.78668616 	17.86796075 	17.94052719 	18.00542881 	
18.32828699 	18.26768740 	18.19968049 	18.12394324 	18.03781046 	17.93961382 	17.82713022 	17.69630736 	17.54731111 	17.39177342 	17.21279231 	17.01847562 	16.82056334 	16.66585839 	16.65449245 	16.60890272 	16.49291952 	16.60129905 	16.78052662 	16.96875846 	17.14706131 	17.30631478 	17.45648115 	17.59294819 	17.71327229 	17.81506440 	17.90614949 	17.98769759 	18.06057153 	18.12579115 	
18.42934162 	18.36822189 	18.29964575 	18.22328981 	18.13660750 	18.03850880 	17.92537700 	17.79367129 	17.64372328 	17.48718103 	17.30709980 	17.11173062 	16.91292055 	16.75802441 	16.74869900 	16.70394739 	16.58942230 	16.69906091 	16.87955793 	17.06887334 	17.24816015 	17.40814562 	17.55895854 	17.69567011 	17.81505251 	17.92210811 	18.01224152 	18.09377309 	18.16681807 	18.23223927 	
18.51793798 	18.45634939 	18.38727427 	18.31046836 	18.22390315 	18.12527241 	18.01143781 	17.87893238 	17.72816166 	17.57069949 	17.38969776 	17.19338448 	16.99381544 	16.83880569 	16.83145623 	16.78753078 	16.67440099 	16.78525463 	16.96689175 	17.15720560 	17.33732962 	17.49801541 	17.64946651 	17.78660733 	17.90608954 	18.01219309 	18.10695939 	18.18756458 	18.26055453 	18.32608336 	
18.59603978 	18.53402756 	18.46458342 	18.38788372 	18.30088651 	18.20165707 	18.08716751 	17.95393911 	17.80242495 	17.64417931 	17.46233945 	17.26521556 	17.06500035 	16.91004305 	16.90471522 	16.86174944 	16.75012797 	16.86215468 	17.04484117 	17.23604869 	17.41694897 	17.57822313 	17.73029154 	17.86786584 	17.98762132 	18.09370816 	18.18754777 	18.27224700 	18.34435822 	18.40979040 	
18.66595416 	18.60364892 	18.53433806 	18.45729244 	18.36981990 	18.27004647 	18.15497507 	18.02109743 	17.86894996 	17.70998639 	17.52740697 	17.32954570 	17.12877062 	16.97382069 	16.97019976 	16.92804843 	16.81768065 	16.93072803 	17.11434571 	17.30635415 	17.48794978 	17.64978185 	17.80238390 	17.94040084 	18.06046363 	18.16672142 	18.26050592 	18.34432622 	18.42012369 	18.48473678 	
18.72829027 	18.66612430 	18.59654231 	18.51910077 	18.43118694 	18.33092323 	18.21532421 	18.08089185 	17.92816217 	17.76856665 	17.58532597 	17.38681577 	17.18555819 	17.03063366 	17.02860591 	16.98723553 	16.87805498 	16.99203769 	17.17650097 	17.36922856 	17.55144911 	17.71377957 	17.86688243 	18.00527527 	18.12565599 	18.23211533 	18.32600749 	18.40973117 	18.48470938 	18.55263717 	
