# All data here refers to Q = 0.0000 0.0000 - Columns: iw - Rows: nu
-32 	0.00159203 	0.00164420 	0.00169990 	0.00175951 	0.00182344 	0.00189220 	0.00196653 	0.00204675 	0.00213378 	0.00222853 	0.00233208 	0.00244573 	0.00257101 	0.00270982 	0.00286449 	0.00303784 	0.00323351 	0.00345610 	0.00371157 	0.00400779 	0.00435532 	0.00476875 	0.00526875 	0.00588563 	0.00666565 	0.00768314 	0.00906537 	0.01104956 	0.01413271 	0.01955254 	0.03141683 	0.07636129 	
-31 	0.00169808 	0.00175560 	0.00181716 	0.00188319 	0.00195438 	0.00203097 	0.00211382 	0.00220370 	0.00230155 	0.00240850 	0.00252587 	0.00265525 	0.00279864 	0.00295835 	0.00313738 	0.00333945 	0.00356933 	0.00383317 	0.00413909 	0.00449800 	0.00492497 	0.00544134 	0.00607841 	0.00688397 	0.00793476 	0.00936221 	0.01141130 	0.01459524 	0.02019212 	0.03244346 	0.07885185 	-0.07965110 	
-30 	0.00181507 	0.00187872 	0.00194716 	0.00202059 	0.00209979 	0.00218543 	0.00227835 	0.00237952 	0.00249009 	0.00261144 	0.00274520 	0.00289344 	0.00305856 	0.00324365 	0.00345257 	0.00369024 	0.00396301 	0.00427928 	0.00465035 	0.00509177 	0.00562562 	0.00628425 	0.00711707 	0.00820341 	0.00967915 	0.01179752 	0.01508906 	0.02087494 	0.03353945 	0.08151034 	-0.08236466 	-0.03374983 	
-29 	0.00194477 	0.00201544 	0.00209146 	0.00217342 	0.00226206 	0.00235824 	0.00246296 	0.00257741 	0.00270300 	0.00284149 	0.00299490 	0.00316580 	0.00335738 	0.00357363 	0.00381962 	0.00410195 	0.00442931 	0.00481337 	0.00527026 	0.00582281 	0.00650452 	0.00736651 	0.00849089 	0.01001829 	0.01221080 	0.01561746 	0.02160556 	0.03471206 	0.08435433 	-0.08526961 	-0.03493745 	-0.02169814 	
-28 	0.00208870 	0.00216747 	0.00225240 	0.00234427 	0.00244394 	0.00255246 	0.00267106 	0.00280122 	0.00294474 	0.00310372 	0.00328084 	0.00347937 	0.00370347 	0.00395840 	0.00425099 	0.00459023 	0.00498824 	0.00546172 	0.00603433 	0.00674078 	0.00763406 	0.00879924 	0.01038205 	0.01265407 	0.01618421 	0.02238916 	0.03596963 	0.08740392 	-0.08838695 	-0.03621169 	-0.02248860 	-0.01623710 	
-27 	0.00224920 	0.00233734 	0.00243267 	0.00253610 	0.00264871 	0.00277178 	0.00290688 	0.00305578 	0.00322075 	0.00340454 	0.00361056 	0.00384311 	0.00410764 	0.00441125 	0.00476328 	0.00517629 	0.00566761 	0.00626180 	0.00699486 	0.00792177 	0.00913083 	0.01077323 	0.01313073 	0.01679363 	0.02323173 	0.03732171 	0.09068224 	-0.09174082 	-0.03758238 	-0.02333881 	-0.01685059 	-0.01316580 	
-26 	0.00242893 	0.00252799 	0.00263547 	0.00275250 	0.00288043 	0.00302079 	0.00317552 	0.00334695 	0.00353794 	0.00375203 	0.00399368 	0.00426858 	0.00458408 	0.00494989 	0.00537907 	0.00588963 	0.00650707 	0.00726883 	0.00823202 	0.00948838 	0.01119502 	0.01364470 	0.01745074 	0.02414018 	0.03877939 	0.09421604 	-0.09535921 	-0.03906089 	-0.02425581 	-0.01751224 	-0.01368257 	-0.01122061 	
-25 	0.00263109 	0.00274296 	0.00286478 	0.00299790 	0.00314398 	0.00330502 	0.00348344 	0.00368221 	0.00390503 	0.00415653 	0.00444263 	0.00477099 	0.00515171 	0.00559838 	0.00612974 	0.00677234 	0.00756513 	0.00856755 	0.00987507 	0.01165118 	0.01420054 	0.01816134 	0.02512256 	0.04035554 	0.09803637 	-0.09927470 	-0.04066046 	-0.02524781 	-0.01822796 	-0.01424156 	-0.01167889 	-0.00989502 	
-24 	0.00285961 	0.00298658 	0.00312535 	0.00327764 	0.00344553 	0.00363153 	0.00383875 	0.00407104 	0.00433323 	0.00463148 	0.00497379 	0.00537069 	0.00583633 	0.00639026 	0.00706015 	0.00788660 	0.00893158 	0.01029461 	0.01214608 	0.01480357 	0.01893226 	0.02618825 	0.04206520 	0.10217956 	-0.10352543 	-0.04239660 	-0.02632437 	-0.01900466 	-0.01484815 	-0.01217620 	-0.01031629 	-0.00894793 	
-23 	0.00311919 	0.00326412 	0.00342317 	0.00359851 	0.00379277 	0.00400919 	0.00425178 	0.00452560 	0.00483710 	0.00519460 	0.00560910 	0.00609540 	0.00667390 	0.00737351 	0.00823661 	0.00932792 	0.01075136 	0.01268487 	0.01546006 	0.01977151 	0.02734833 	0.04392609 	0.10668833 	-0.10815639 	-0.04428756 	-0.02749681 	-0.01985048 	-0.01550870 	-0.01271773 	-0.01077501 	-0.00934575 	-0.00825052 	
-22 	0.00341579 	0.00358222 	0.00376570 	0.00396898 	0.00419545 	0.00444931 	0.00473585 	0.00506181 	0.00543591 	0.00586965 	0.00637853 	0.00698388 	0.00771595 	0.00861910 	0.00976104 	0.01125051 	0.01327367 	0.01617747 	0.02068857 	0.02861592 	0.04595919 	0.11161329 	-0.11322096 	-0.04635503 	-0.02877852 	-0.02077506 	-0.01623073 	-0.01330965 	-0.01127641 	-0.00978057 	-0.00863434 	-0.00772817 	
-21 	0.00375677 	0.00394918 	0.00416236 	0.00439986 	0.00466609 	0.00496658 	0.00530840 	0.00570072 	0.00615558 	0.00668923 	0.00732404 	0.00809175 	0.00903884 	0.01023634 	0.01179824 	0.01391977 	0.01696467 	0.02169482 	0.03000668 	0.04818955 	0.11701485 	-0.11878302 	-0.04862490 	-0.03018551 	-0.02178994 	-0.01702325 	-0.01395934 	-0.01182673 	-0.01025781 	-0.00905560 	-0.00810519 	-0.00733506 	
-20 	0.00415145 	0.00437555 	0.00462520 	0.00490505 	0.00522093 	0.00558025 	0.00599264 	0.00647078 	0.00703174 	0.00769903 	0.00850600 	0.00950154 	0.01076027 	0.01240202 	0.01463195 	0.01783237 	0.02280393 	0.03153948 	0.05064735 	0.12296567 	-0.12491962 	-0.05112843 	-0.03173708 	-0.02290903 	-0.01789710 	-0.01467568 	-0.01243349 	-0.01078400 	-0.00952006 	-0.00852085 	-0.00771120 	-0.00704189 	
-19 	0.00461173 	0.00487486 	0.00516981 	0.00550272 	0.00588142 	0.00631606 	0.00681999 	0.00741119 	0.00811447 	0.00896494 	0.01001414 	0.01134070 	0.01307089 	0.01542091 	0.01879357 	0.02403249 	0.03323722 	0.05336922 	0.12955401 	-0.13172463 	-0.05390363 	-0.03345673 	-0.02414924 	-0.01886548 	-0.01546948 	-0.01310585 	-0.01136706 	-0.01003471 	-0.00898144 	-0.00812798 	-0.00742247 	-0.00682954 	
-18 	0.00515299 	0.00546475 	0.00581665 	0.00621695 	0.00667636 	0.00720901 	0.00783391 	0.00857727 	0.00947621 	0.01058518 	0.01198729 	0.01381598 	0.01629974 	0.01986424 	0.02540089 	0.03512805 	0.05640012 	0.13688808 	-0.13931349 	-0.05699723 	-0.03537331 	-0.02553134 	-0.01994458 	-0.01635402 	-0.01385505 	-0.01201673 	-0.01060816 	-0.00949464 	-0.00859237 	-0.00784652 	-0.00721969 	-0.00668551 	
-17 	0.00579537 	0.00616854 	0.00659304 	0.00708023 	0.00764508 	0.00830775 	0.00909602 	0.01004927 	0.01122523 	0.01271201 	0.01465111 	0.01728474 	0.02106419 	0.02693444 	0.03724685 	0.05979581 	0.14510204 	-0.14782986 	-0.06046734 	-0.03752268 	-0.02708115 	-0.02115455 	-0.01734578 	-0.01469504 	-0.01274513 	-0.01125107 	-0.01007000 	-0.00911301 	-0.00832192 	-0.00765708 	-0.00709052 	-0.00660197 	
-16 	0.00656573 	0.00701754 	0.00753607 	0.00813725 	0.00884255 	0.00968151 	0.01069607 	0.01194761 	0.01352995 	0.01559362 	0.01839636 	0.02241834 	0.02866493 	0.03963749 	0.06362633 	0.15436427 	-0.15745476 	-0.06438710 	-0.03994997 	-0.02883112 	-0.02252071 	-0.01846551 	-0.01564339 	-0.01356746 	-0.01197689 	-0.01071954 	-0.00970076 	-0.00885860 	-0.00815085 	-0.00754773 	-0.00702766 	-0.00657458 	
-15 	0.00750042 	0.00805460 	0.00869711 	0.00945088 	0.01034751 	0.01143177 	0.01276929 	0.01446029 	0.01666563 	0.01966067 	0.02395841 	0.03063285 	0.04235582 	0.06798085 	0.16488904 	-0.16841958 	-0.06884989 	-0.04271277 	-0.03082271 	-0.02407535 	-0.01973966 	-0.01672248 	-0.01450314 	-0.01280274 	-0.01145858 	-0.01036949 	-0.00946922 	-0.00871264 	-0.00806792 	-0.00751197 	-0.00702766 	-0.00660197 	
-14 	0.00864968 	0.00933962 	0.01014903 	0.01111182 	0.01227607 	0.01371224 	0.01552791 	0.01789577 	0.02111143 	0.02572550 	0.03289067 	0.04547412 	0.07297470 	0.17695322 	-0.18102488 	-0.07397686 	-0.04588573 	-0.03310961 	-0.02586034 	-0.02120252 	-0.01796134 	-0.01557732 	-0.01375080 	-0.01230698 	-0.01113716 	-0.01017018 	-0.00935754 	-0.00866505 	-0.00806792 	-0.00754773 	-0.00709052 	-0.00668551 	
-13 	0.01008454 	0.01095844 	0.01199791 	0.01325487 	0.01480539 	0.01676557 	0.01932180 	0.02279311 	0.02777374 	0.03550746 	0.04908756 	0.07875971 	0.19092102 	-0.19566831 	-0.07992804 	-0.04956742 	-0.03576269 	-0.02793093 	-0.02289930 	-0.01939823 	-0.01682317 	-0.01485034 	-0.01329092 	-0.01202745 	-0.01098309 	-0.01010543 	-0.00935754 	-0.00871264 	-0.00815085 	-0.00765708 	-0.00721969 	-0.00682954 	
-12 	0.01190796 	0.01303739 	0.01440309 	0.01608770 	0.01821735 	0.02099447 	0.02476555 	0.03017592 	0.03857608 	0.05332413 	0.08553984 	0.20728126 	-0.21288720 	-0.08691930 	-0.05389070 	-0.03887743 	-0.03036151 	-0.02489094 	-0.02108471 	-0.01828536 	-0.01614078 	-0.01444565 	-0.01307227 	-0.01193706 	-0.01098309 	-0.01017018 	-0.00946922 	-0.00885860 	-0.00832192 	-0.00784652 	-0.00742247 	-0.00704189 	
-11 	0.01427378 	0.01576880 	0.01761287 	0.01994400 	0.02298373 	0.02711118 	0.03303235 	0.04222447 	0.05835998 	0.09359567 	0.22670565 	-0.23342580 	-0.09524903 	-0.05903901 	-0.04258561 	-0.03325477 	-0.02726146 	-0.02309190 	-0.02002552 	-0.01767647 	-0.01581980 	-0.01431558 	-0.01307227 	-0.01202745 	-0.01113716 	-0.01036949 	-0.00970076 	-0.00911301 	-0.00859237 	-0.00812798 	-0.00771120 	-0.00733506 	
-10 	0.01742013 	0.01945693 	0.02203160 	0.02538870 	0.02994677 	0.03648504 	0.04663375 	0.06444443 	0.10332403 	0.25014309 	-0.25834527 	-0.10534156 	-0.06527299 	-0.04707441 	-0.03675645 	-0.03013015 	-0.02552069 	-0.02213106 	-0.01953455 	-0.01748236 	-0.01581980 	-0.01444565 	-0.01329092 	-0.01230698 	-0.01145858 	-0.01071954 	-0.01007000 	-0.00949464 	-0.00898144 	-0.00852085 	-0.00810519 	-0.00772817 	
-9 	0.02173137 	0.02460626 	0.02835459 	0.03344339 	0.04074207 	0.05206911 	0.07194235 	0.11530504 	0.27897886 	-0.28921218 	-0.11782140 	-0.07297571 	-0.05261869 	-0.04108056 	-0.03367208 	-0.02851920 	-0.02473032 	-0.02182817 	-0.01953455 	-0.01767647 	-0.01614078 	-0.01485034 	-0.01375080 	-0.01280274 	-0.01197689 	-0.01125107 	-0.01060816 	-0.01003471 	-0.00952006 	-0.00905560 	-0.00863434 	-0.00825052 	
-8 	0.02786044 	0.03210292 	0.03786194 	0.04612068 	0.05893483 	0.08140958 	0.13042151 	0.31531781 	-0.32843948 	-0.13364670 	-0.08273391 	-0.05963914 	-0.04655445 	-0.03815502 	-0.03231388 	-0.02801942 	-0.02473032 	-0.02213106 	-0.02002552 	-0.01828536 	-0.01682317 	-0.01557732 	-0.01450314 	-0.01356746 	-0.01274513 	-0.01201673 	-0.01136706 	-0.01078400 	-0.01025781 	-0.00978057 	-0.00934575 	-0.00894793 	
-7 	0.03698911 	0.04362098 	0.05312957 	0.06787881 	0.09373624 	0.15008523 	0.36252029 	-0.37994554 	-0.15436540 	-0.09549356 	-0.06881335 	-0.05370512 	-0.04400985 	-0.03726902 	-0.03231388 	-0.02851920 	-0.02552069 	-0.02309190 	-0.02108471 	-0.01939823 	-0.01796134 	-0.01672248 	-0.01564339 	-0.01469504 	-0.01385505 	-0.01310585 	-0.01243349 	-0.01182673 	-0.01127641 	-0.01077501 	-0.01031629 	-0.00989502 	
-6 	0.05143607 	0.06263816 	0.08000824 	0.11044133 	0.17670129 	0.42630015 	-0.45053996 	-0.18264917 	-0.11288287 	-0.08130605 	-0.06343773 	-0.05197628 	-0.04400985 	-0.03815502 	-0.03367208 	-0.03013015 	-0.02726146 	-0.02489094 	-0.02289930 	-0.02120252 	-0.01973966 	-0.01846551 	-0.01734578 	-0.01635402 	-0.01546948 	-0.01467568 	-0.01395934 	-0.01330965 	-0.01271773 	-0.01217620 	-0.01167889 	-0.01122061 	
-5 	0.07626270 	0.09737727 	0.13434291 	0.21472234 	0.51721565 	-0.55317558 	-0.22353039 	-0.13795731 	-0.09929908 	-0.07744615 	-0.06343773 	-0.05370512 	-0.04655445 	-0.04108056 	-0.03675645 	-0.03325477 	-0.03036151 	-0.02793093 	-0.02586034 	-0.02407535 	-0.02252071 	-0.02115455 	-0.01994458 	-0.01886548 	-0.01789710 	-0.01702325 	-0.01623073 	-0.01550870 	-0.01484815 	-0.01424156 	-0.01368257 	-0.01316580 	
-4 	0.12427460 	0.17130855 	0.27339487 	0.65716177 	-0.71581380 	-0.28771192 	-0.17717974 	-0.12739570 	-0.09929908 	-0.08130605 	-0.06881335 	-0.05963914 	-0.05261869 	-0.04707441 	-0.04258561 	-0.03887743 	-0.03576269 	-0.03310961 	-0.03082271 	-0.02883112 	-0.02708115 	-0.02553134 	-0.02414924 	-0.02290903 	-0.02178994 	-0.02077506 	-0.01985048 	-0.01900466 	-0.01822796 	-0.01751224 	-0.01685059 	-0.01623710 	
-3 	0.23582758 	0.37548119 	0.90008838 	-1.01152125 	-0.40246704 	-0.24687739 	-0.17717974 	-0.13795731 	-0.11288287 	-0.09549356 	-0.08273391 	-0.07297571 	-0.06527299 	-0.05903901 	-0.05389070 	-0.04956742 	-0.04588573 	-0.04271277 	-0.03994997 	-0.03752268 	-0.03537331 	-0.03345673 	-0.03173708 	-0.03018551 	-0.02877852 	-0.02749681 	-0.02632437 	-0.02524781 	-0.02425581 	-0.02333881 	-0.02248860 	-0.02169814 	
-2 	0.59556981 	1.42469556 	-1.70502248 	-0.66178312 	-0.40246704 	-0.28771192 	-0.22353039 	-0.18264917 	-0.15436540 	-0.13364670 	-0.11782140 	-0.10534156 	-0.09524903 	-0.08691930 	-0.07992804 	-0.07397686 	-0.06884989 	-0.06438710 	-0.06046734 	-0.05699723 	-0.05390363 	-0.05112843 	-0.04862490 	-0.04635503 	-0.04428756 	-0.04239660 	-0.04066046 	-0.03906089 	-0.03758238 	-0.03621169 	-0.03493745 	-0.03374983 	
-1 	3.46720162 	-4.83474051 	-1.70502248 	-1.01152125 	-0.71581380 	-0.55317558 	-0.45053996 	-0.37994554 	-0.32843948 	-0.28921218 	-0.25834527 	-0.23342580 	-0.21288720 	-0.19566831 	-0.18102488 	-0.16841958 	-0.15745476 	-0.14782986 	-0.13931349 	-0.13172463 	-0.12491962 	-0.11878302 	-0.11322096 	-0.10815639 	-0.10352543 	-0.09927470 	-0.09535921 	-0.09174082 	-0.08838695 	-0.08526961 	-0.08236466 	-0.07965110 	
0 	3.46720162 	1.42469556 	0.90008838 	0.65716177 	0.51721565 	0.42630015 	0.36252029 	0.31531781 	0.27897886 	0.25014309 	0.22670565 	0.20728126 	0.19092102 	0.17695322 	0.16488904 	0.15436427 	0.14510204 	0.13688808 	0.12955401 	0.12296567 	0.11701485 	0.11161329 	0.10668833 	0.10217956 	0.09803637 	0.09421604 	0.09068224 	0.08740392 	0.08435433 	0.08151034 	0.07885185 	0.07636129 	
1 	0.59556981 	0.37548119 	0.27339487 	0.21472234 	0.17670129 	0.15008523 	0.13042151 	0.11530504 	0.10332403 	0.09359567 	0.08553984 	0.07875971 	0.07297470 	0.06798085 	0.06362633 	0.05979581 	0.05640012 	0.05336922 	0.05064735 	0.04818955 	0.04595919 	0.04392609 	0.04206520 	0.04035554 	0.03877939 	0.03732171 	0.03596963 	0.03471206 	0.03353945 	0.03244346 	0.03141683 	0.03045316 	
2 	0.23582758 	0.17130855 	0.13434291 	0.11044133 	0.09373624 	0.08140958 	0.07194235 	0.06444443 	0.05835998 	0.05332413 	0.04908756 	0.04547412 	0.04235582 	0.03963749 	0.03724685 	0.03512805 	0.03323722 	0.03153948 	0.03000668 	0.02861592 	0.02734833 	0.02618825 	0.02512256 	0.02414018 	0.02323173 	0.02238916 	0.02160556 	0.02087494 	0.02019212 	0.01955254 	0.01895223 	0.01838767 	
3 	0.12427460 	0.09737727 	0.08000824 	0.06787881 	0.05893483 	0.05206911 	0.04663375 	0.04222447 	0.03857608 	0.03550746 	0.03289067 	0.03063285 	0.02866493 	0.02693444 	0.02540089 	0.02403249 	0.02280393 	0.02169482 	0.02068857 	0.01977151 	0.01893226 	0.01816134 	0.01745074 	0.01679363 	0.01618421 	0.01561746 	0.01508906 	0.01459524 	0.01413271 	0.01369859 	0.01329034 	0.01290571 	
4 	0.07626270 	0.06263816 	0.05312957 	0.04612068 	0.04074207 	0.03648504 	0.03303235 	0.03017592 	0.02777374 	0.02572550 	0.02395841 	0.02241834 	0.02106419 	0.01986424 	0.01879357 	0.01783237 	0.01696467 	0.01617747 	0.01546006 	0.01480357 	0.01420054 	0.01364470 	0.01313073 	0.01265407 	0.01221080 	0.01179752 	0.01141130 	0.01104956 	0.01071005 	0.01039077 	0.01008998 	0.00980611 	
5 	0.05143607 	0.04362098 	0.03786194 	0.03344339 	0.02994677 	0.02711118 	0.02476555 	0.02279311 	0.02111143 	0.01966067 	0.01839636 	0.01728474 	0.01629974 	0.01542091 	0.01463195 	0.01391977 	0.01327367 	0.01268487 	0.01214608 	0.01165118 	0.01119502 	0.01077323 	0.01038205 	0.01001829 	0.00967915 	0.00936221 	0.00906537 	0.00878677 	0.00852478 	0.00827796 	0.00804503 	0.00782485 	
6 	0.03698911 	0.03210292 	0.02835459 	0.02538870 	0.02298373 	0.02099447 	0.01932180 	0.01789577 	0.01666563 	0.01559362 	0.01465111 	0.01381598 	0.01307089 	0.01240202 	0.01179824 	0.01125051 	0.01075136 	0.01029461 	0.00987507 	0.00948838 	0.00913083 	0.00879924 	0.00849089 	0.00820341 	0.00793476 	0.00768314 	0.00744699 	0.00722492 	0.00701571 	0.00681827 	0.00663164 	0.00645496 	
7 	0.02786044 	0.02460626 	0.02203160 	0.01994400 	0.01821735 	0.01676557 	0.01552791 	0.01446029 	0.01352995 	0.01271201 	0.01198729 	0.01134070 	0.01076027 	0.01023634 	0.00976104 	0.00932792 	0.00893158 	0.00856755 	0.00823202 	0.00792177 	0.00763406 	0.00736651 	0.00711707 	0.00688397 	0.00666565 	0.00646075 	0.00626808 	0.00608656 	0.00591525 	0.00575333 	0.00560003 	0.00545468 	
8 	0.02173137 	0.01945693 	0.01761287 	0.01608770 	0.01480539 	0.01371224 	0.01276929 	0.01194761 	0.01122523 	0.01058518 	0.01001414 	0.00950154 	0.00903884 	0.00861910 	0.00823661 	0.00788660 	0.00756513 	0.00726883 	0.00699486 	0.00674078 	0.00650452 	0.00628425 	0.00607841 	0.00588563 	0.00570469 	0.00553455 	0.00537426 	0.00522299 	0.00508001 	0.00494464 	0.00481630 	0.00469445 	
9 	0.01742013 	0.01576880 	0.01440309 	0.01325487 	0.01227607 	0.01143177 	0.01069607 	0.01004927 	0.00947621 	0.00896494 	0.00850600 	0.00809175 	0.00771595 	0.00737351 	0.00706015 	0.00677234 	0.00650707 	0.00626180 	0.00603433 	0.00582281 	0.00562562 	0.00544134 	0.00526875 	0.00510677 	0.00495445 	0.00481095 	0.00467553 	0.00454753 	0.00442635 	0.00431145 	0.00420237 	0.00409867 	
10 	0.01427378 	0.01303739 	0.01199791 	0.01111182 	0.01034751 	0.00968151 	0.00909602 	0.00857727 	0.00811447 	0.00769903 	0.00732404 	0.00698388 	0.00667390 	0.00639026 	0.00612974 	0.00588963 	0.00566761 	0.00546172 	0.00527026 	0.00509177 	0.00492497 	0.00476875 	0.00462213 	0.00448426 	0.00435438 	0.00423181 	0.00411594 	0.00400625 	0.00390226 	0.00380353 	0.00370967 	0.00362033 	
11 	0.01190796 	0.01095844 	0.01014903 	0.00945088 	0.00884255 	0.00830775 	0.00783391 	0.00741119 	0.00703174 	0.00668923 	0.00637853 	0.00609540 	0.00583633 	0.00559838 	0.00537907 	0.00517629 	0.00498824 	0.00481337 	0.00465035 	0.00449800 	0.00435532 	0.00422141 	0.00409549 	0.00397686 	0.00386491 	0.00375909 	0.00365890 	0.00356392 	0.00347375 	0.00338802 	0.00330643 	0.00322867 	
12 	0.01008454 	0.00933962 	0.00869711 	0.00813725 	0.00764508 	0.00720901 	0.00681999 	0.00647078 	0.00615558 	0.00586965 	0.00560910 	0.00537069 	0.00515171 	0.00494989 	0.00476328 	0.00459023 	0.00442931 	0.00427928 	0.00413909 	0.00400779 	0.00388456 	0.00376868 	0.00365951 	0.00355649 	0.00345911 	0.00336692 	0.00327952 	0.00319654 	0.00311765 	0.00304257 	0.00297101 	0.00290274 	
13 	0.00864968 	0.00805460 	0.00753607 	0.00708023 	0.00667636 	0.00631606 	0.00599264 	0.00570072 	0.00543591 	0.00519460 	0.00497379 	0.00477099 	0.00458408 	0.00441125 	0.00425099 	0.00410195 	0.00396301 	0.00383317 	0.00371157 	0.00359745 	0.00349013 	0.00338903 	0.00329362 	0.00320344 	0.00311806 	0.00303711 	0.00296027 	0.00288721 	0.00281767 	0.00275140 	0.00268818 	0.00262780 	
14 	0.00750042 	0.00701754 	0.00659304 	0.00621695 	0.00588142 	0.00558025 	0.00530840 	0.00506181 	0.00483710 	0.00463148 	0.00444263 	0.00426858 	0.00410764 	0.00395840 	0.00381962 	0.00369024 	0.00356933 	0.00345610 	0.00334983 	0.00324990 	0.00315575 	0.00306691 	0.00298293 	0.00290343 	0.00282805 	0.00275649 	0.00268846 	0.00262371 	0.00256200 	0.00250313 	0.00244691 	0.00239315 	
15 	0.00656573 	0.00616854 	0.00581665 	0.00550272 	0.00522093 	0.00496658 	0.00473585 	0.00452560 	0.00433323 	0.00415653 	0.00399368 	0.00384311 	0.00370347 	0.00357363 	0.00345257 	0.00333945 	0.00323351 	0.00313408 	0.00304058 	0.00295250 	0.00286938 	0.00279081 	0.00271642 	0.00264590 	0.00257895 	0.00251530 	0.00245469 	0.00239695 	0.00234188 	0.00228927 	0.00223898 	0.00219084 	
16 	0.00579537 	0.00546475 	0.00516981 	0.00490505 	0.00466609 	0.00444931 	0.00425178 	0.00407104 	0.00390503 	0.00375203 	0.00361056 	0.00347937 	0.00335738 	0.00324365 	0.00313738 	0.00303784 	0.00294443 	0.00285658 	0.00277383 	0.00269574 	0.00262192 	0.00255201 	0.00248575 	0.00242285 	0.00236305 	0.00230614 	0.00225190 	0.00220015 	0.00215073 	0.00210348 	0.00205826 	0.00201494 	
17 	0.00515299 	0.00487486 	0.00462520 	0.00439986 	0.00419545 	0.00400919 	0.00383875 	0.00368221 	0.00353794 	0.00340454 	0.00328084 	0.00316580 	0.00305856 	0.00295835 	0.00286449 	0.00277640 	0.00269357 	0.00261551 	0.00254188 	0.00247227 	0.00240637 	0.00234390 	0.00228459 	0.00222820 	0.00217453 	0.00212339 	0.00207459 	0.00202799 	0.00198344 	0.00194080 	0.00189995 	0.00186079 	
18 	0.00461173 	0.00437555 	0.00416236 	0.00396898 	0.00379277 	0.00363153 	0.00348344 	0.00334695 	0.00322075 	0.00310372 	0.00299490 	0.00289344 	0.00279864 	0.00270982 	0.00262649 	0.00254813 	0.00247431 	0.00240465 	0.00233880 	0.00227646 	0.00221736 	0.00216125 	0.00210790 	0.00205713 	0.00200875 	0.00196259 	0.00191850 	0.00187635 	0.00183601 	0.00179737 	0.00176031 	0.00172476 	
19 	0.00415145 	0.00394918 	0.00376570 	0.00359851 	0.00344553 	0.00330502 	0.00317552 	0.00305578 	0.00294474 	0.00284149 	0.00274520 	0.00265525 	0.00257101 	0.00249195 	0.00241760 	0.00234756 	0.00228147 	0.00221899 	0.00215985 	0.00210377 	0.00205054 	0.00199993 	0.00195175 	0.00190585 	0.00186205 	0.00182021 	0.00178022 	0.00174194 	0.00170528 	0.00166996 	0.00163624 	0.00160385 	
20 	0.00375677 	0.00358222 	0.00342317 	0.00327764 	0.00314398 	0.00302079 	0.00290688 	0.00280122 	0.00270300 	0.00261144 	0.00252587 	0.00244573 	0.00237052 	0.00229979 	0.00223317 	0.00217029 	0.00211086 	0.00205460 	0.00200125 	0.00195061 	0.00190245 	0.00185663 	0.00181296 	0.00177129 	0.00173133 	0.00169329 	0.00165689 	0.00162202 	0.00158859 	0.00155651 	0.00152570 	0.00149608 	
21 	0.00341579 	0.00326412 	0.00312535 	0.00299790 	0.00288043 	0.00277178 	0.00267106 	0.00257741 	0.00249009 	0.00240850 	0.00233208 	0.00226037 	0.00219293 	0.00212940 	0.00206944 	0.00201277 	0.00195912 	0.00190824 	0.00185995 	0.00181405 	0.00177018 	0.00172854 	0.00168882 	0.00165089 	0.00161462 	0.00157991 	0.00154666 	0.00151478 	0.00148419 	0.00145481 	0.00142657 	0.00139940 	
22 	0.00311919 	0.00298658 	0.00286478 	0.00275250 	0.00264871 	0.00255246 	0.00246296 	0.00237952 	0.00230155 	0.00222853 	0.00216000 	0.00209555 	0.00203484 	0.00197753 	0.00192338 	0.00187211 	0.00182333 	0.00177719 	0.00173333 	0.00169158 	0.00165179 	0.00161384 	0.00157759 	0.00154293 	0.00150976 	0.00147798 	0.00144752 	0.00141829 	0.00139021 	0.00136323 	0.00133727 	0.00131228 	
23 	0.00285961 	0.00274296 	0.00263547 	0.00253610 	0.00244394 	0.00235824 	0.00227835 	0.00220370 	0.00213378 	0.00206816 	0.00200644 	0.00194831 	0.00189345 	0.00184143 	0.00179234 	0.00174581 	0.00170163 	0.00165964 	0.00161966 	0.00158157 	0.00154523 	0.00151051 	0.00147733 	0.00144557 	0.00141515 	0.00138598 	0.00135799 	0.00133110 	0.00130527 	0.00128041 	0.00125649 	0.00123344 	
24 	0.00263109 	0.00252799 	0.00243267 	0.00234427 	0.00226206 	0.00218543 	0.00211382 	0.00204675 	0.00198379 	0.00192460 	0.00186867 	0.00181606 	0.00176633 	0.00171925 	0.00167462 	0.00163224 	0.00159195 	0.00155361 	0.00151707 	0.00148221 	0.00144891 	0.00141708 	0.00138661 	0.00135743 	0.00132945 	0.00130260 	0.00127682 	0.00125203 	0.00122819 	0.00120524 	0.00118313 	0.00116182 	
25 	0.00242893 	0.00233734 	0.00225240 	0.00217342 	0.00209979 	0.00203097 	0.00196653 	0.00190605 	0.00184902 	0.00179545 	0.00174490 	0.00169712 	0.00165188 	0.00160900 	0.00156828 	0.00152957 	0.00149273 	0.00145762 	0.00142413 	0.00139214 	0.00136155 	0.00133228 	0.00130424 	0.00127736 	0.00125156 	0.00122678 	0.00120297 	0.00118006 	0.00115801 	0.00113677 	0.00111629 	0.00109654 	
26 	0.00224920 	0.00216747 	0.00209146 	0.00202059 	0.00195438 	0.00189220 	0.00183401 	0.00177929 	0.00172775 	0.00167910 	0.00163312 	0.00158959 	0.00154833 	0.00150914 	0.00147190 	0.00143644 	0.00140266 	0.00137042 	0.00133964 	0.00131021 	0.00128204 	0.00125506 	0.00122919 	0.00120436 	0.00118052 	0.00115761 	0.00113556 	0.00111434 	0.00109390 	0.00107420 	0.00105519 	0.00103684 	
27 	0.00208870 	0.00201544 	0.00194716 	0.00188319 	0.00182344 	0.00176737 	0.00171464 	0.00166497 	0.00161809 	0.00157378 	0.00153183 	0.00149206 	0.00145430 	0.00141841 	0.00138424 	0.00135169 	0.00132062 	0.00129096 	0.00126260 	0.00123545 	0.00120945 	0.00118452 	0.00116060 	0.00113762 	0.00111554 	0.00109430 	0.00107385 	0.00105415 	0.00103516 	0.00101684 	0.00099916 	0.00098209 	
28 	0.00194477 	0.00187872 	0.00181716 	0.00175951 	0.00170540 	0.00165452 	0.00160659 	0.00156135 	0.00151860 	0.00147812 	0.00143974 	0.00140331 	0.00136867 	0.00133571 	0.00130429 	0.00127432 	0.00124569 	0.00121832 	0.00119213 	0.00116704 	0.00114298 	0.00111990 	0.00109773 	0.00107642 	0.00105592 	0.00103619 	0.00101718 	0.00099886 	0.00098119 	0.00096413 	0.00094765 	0.00093173 	
29 	0.00181507 	0.00175560 	0.00169990 	0.00164762 	0.00159847 	0.00155216 	0.00150846 	0.00146715 	0.00142804 	0.00139097 	0.00135577 	0.00132231 	0.00129046 	0.00126010 	0.00123114 	0.00120349 	0.00117705 	0.00115174 	0.00112750 	0.00110426 	0.00108196 	0.00106054 	0.00103995 	0.00102015 	0.00100109 	0.00098272 	0.00096502 	0.00094794 	0.00093146 	0.00091554 	0.00090016 	0.00088528 	
30 	0.00169808 	0.00164420 	0.00159364 	0.00154609 	0.00150130 	0.00145903 	0.00141908 	0.00138125 	0.00134539 	0.00131134 	0.00127898 	0.00124817 	0.00121881 	0.00119080 	0.00116405 	0.00113848 	0.00111400 	0.00109056 	0.00106808 	0.00104650 	0.00102579 	0.00100587 	0.00098672 	0.00096828 	0.00095052 	0.00093340 	0.00091688 	0.00090094 	0.00088554 	0.00087066 	0.00085627 	0.00084235 	
31 	0.00159203 	0.00154308 	0.00149704 	0.00145367 	0.00141274 	0.00137405 	0.00133743 	0.00130270 	0.00126974 	0.00123840 	0.00120857 	0.00118014 	0.00115302 	0.00112712 	0.00110235 	0.00107865 	0.00105595 	0.00103419 	0.00101330 	0.00099324 	0.00097396 	0.00095541 	0.00093756 	0.00092036 	0.00090378 	0.00088779 	0.00087235 	0.00085744 	0.00084303 	0.00082910 	0.00081562 	0.00080258 	
