# 1lam 2Uhub 3beta 4tpri 5dens 6type(mag,char,swave,dwave) 7kx 8ky 9magmax 10chargemax 11swavemax 12dwavemax 13mag(0,0) 14mag(pi,pi)  15self(1=yes,0=no) + 
 0.10571473	1.00000000	50.00000000	-0.08000000	0.60000000	1.00000000	0.00000000	0.00000000	19.21784936	125.01804599	2.83433624	0.00241354	7.39166814	0.98260874	0.00000000	 
0.90483742	1.00000000	50.00000000	-0.08000000	0.60000000	2.00000000	0.00000000	0.00000000	0.01194849	0.01171877	0.02916827	0.00000000	0.01093572	0.00666429	0.00000000	 
0.69522621	1.00000000	50.00000000	-0.08000000	0.60000000	2.00000000	0.00000000	0.00000000	0.13698709	0.11255512	0.25009668	0.00000231	0.12412633	0.07215511	0.00000000	 
0.41496342	1.00000000	50.00000000	-0.08000000	0.60000000	0.00000000	3.14159265	1.13097336	0.76376108	0.37509539	0.69262713	0.00011169	0.66091802	0.31697643	0.00000000	 
0.24476409	1.00000000	50.00000000	-0.08000000	0.60000000	0.00000000	3.14159265	1.13097336	2.33147977	1.28906099	1.14702092	0.00053158	1.82356941	0.62048364	0.00000000	 
0.21902650	1.00000000	50.00000000	-0.08000000	0.60000000	0.00000000	3.14159265	1.13097336	2.90807191	1.86408916	1.26532928	0.00064881	2.19759158	0.68103124	0.00000000	 
0.16955409	1.00000000	50.00000000	-0.08000000	0.60000000	0.00000000	3.14159265	1.13097336	4.94663932	4.58183755	1.60321415	0.00094500	3.33864172	0.80803140	0.00000000	 
0.15000436	1.00000000	50.00000000	-0.08000000	0.60000000	1.00000000	0.00000000	0.00000000	6.54492281	7.50722635	1.81455921	0.00108578	4.07504849	0.86125619	0.00000000	 
0.12872049	1.00000000	50.00000000	-0.08000000	0.60000000	1.00000000	0.00000000	0.00000000	9.74399009	16.10100338	2.15507510	0.00129918	5.24982508	0.92002316	0.00000000	 
0.12451711	1.00000000	50.00000000	-0.08000000	0.60000000	1.00000000	0.00000000	0.00000000	10.73873721	19.80394242	2.24506264	0.00141453	5.55271304	0.93160708	0.00000000	 
0.11712225	1.00000000	50.00000000	-0.08000000	0.60000000	1.00000000	0.00000000	0.00000000	13.03923368	31.29527089	2.43224180	0.00168250	6.16700527	0.95186614	0.00000000	 
0.11464298	1.00000000	50.00000000	-0.08000000	0.60000000	1.00000000	0.00000000	0.00000000	14.03227767	38.06698345	2.50550842	0.00179895	6.40069637	0.95861004	0.00000000	 
0.10905991	1.00000000	50.00000000	-0.08000000	0.60000000	1.00000000	0.00000000	0.00000000	16.89654988	69.23024920	2.69678684	0.00213754	6.98967826	0.97367290	0.00000000	 
0.10783149	1.00000000	50.00000000	-0.08000000	0.60000000	1.00000000	0.00000000	0.00000000	17.68316904	83.18406158	2.74492516	0.00223099	7.13258003	0.97696369	0.00000000	 
0.10571473	1.00000000	50.00000000	-0.08000000	0.60000000	1.00000000	0.00000000	0.00000000	19.21784936	125.01804599	2.83433624	0.00241354	7.39166814	0.98260874	0.00000000	 
0.10571473	1.00000000	50.00000000	-0.08000000	0.60000000	1.00000000	0.00000000	0.00000000	19.21784936	125.01804599	2.83433624	0.00241354	7.39166814	0.98260874	0.00000000	 
0.11710774	1.00000000	50.00000000	-0.08000000	0.62500000	1.00000000	0.00000000	0.00000000	29.85917398	110.64578779	2.85368957	0.00869750	8.85115497	1.30462814	0.00000000	 
0.90483742	1.00000000	50.00000000	-0.08000000	0.62500000	2.00000000	0.00000000	0.00000000	0.01300907	0.01273489	0.02941207	0.00000000	0.01140615	0.00772414	0.00000000	 
0.70158267	1.00000000	50.00000000	-0.08000000	0.62500000	2.00000000	0.00000000	0.00000000	0.14358606	0.11687015	0.24347710	0.00000236	0.12408293	0.08105603	0.00000000	 
0.42037036	1.00000000	50.00000000	-0.08000000	0.62500000	0.00000000	3.14159265	2.01061930	0.85000737	0.39786408	0.69206063	0.00013385	0.68767193	0.37948940	0.00000000	 
0.27123700	1.00000000	50.00000000	-0.08000000	0.62500000	0.00000000	3.14159265	2.01061930	2.33797359	1.01923797	1.07722829	0.00055945	1.70252909	0.72057790	0.00000000	 
0.24270262	1.00000000	50.00000000	-0.08000000	0.62500000	0.00000000	3.14159265	2.01061930	2.99136451	1.50156587	1.19510665	0.00073322	2.09430654	0.80997460	0.00000000	 
0.20848197	1.00000000	50.00000000	-0.08000000	0.62500000	0.00000000	3.14159265	2.01061930	4.23367512	2.58256176	1.38217027	0.00101130	2.76915278	0.92948363	0.00000000	 
0.16216326	1.00000000	50.00000000	-0.08000000	0.62500000	0.00000000	3.14159265	2.01061930	8.07600516	7.12555752	1.80014051	0.00193942	4.43258554	1.11216346	0.00000000	 
0.15421594	1.00000000	50.00000000	-0.08000000	0.62500000	0.00000000	3.14159265	2.01061930	9.37979096	9.07674631	1.90949512	0.00229261	4.88982881	1.14556365	0.00000000	 
0.13993779	1.00000000	50.00000000	-0.08000000	0.62500000	1.00000000	0.00000000	0.00000000	12.97125735	15.68016070	2.15984034	0.00329687	5.95252317	1.20653741	0.00000000	 
0.13541695	1.00000000	50.00000000	-0.08000000	0.62500000	1.00000000	0.00000000	0.00000000	14.68143572	19.57763491	2.25942187	0.00379376	6.37804470	1.22600174	0.00000000	 
0.12584894	1.00000000	50.00000000	-0.08000000	0.62500000	1.00000000	0.00000000	0.00000000	20.13101020	36.69426297	2.51988386	0.00546858	7.48561458	1.26722334	0.00000000	 
0.12377710	1.00000000	50.00000000	-0.08000000	0.62500000	1.00000000	0.00000000	0.00000000	21.84254482	44.19136273	2.58822525	0.00602009	7.77266725	1.27612515	0.00000000	 
0.12138729	1.00000000	50.00000000	-0.08000000	0.62500000	1.00000000	0.00000000	0.00000000	24.19209376	57.03948918	2.67630550	0.00679190	8.12987783	1.28637153	0.00000000	 
0.11790121	1.00000000	50.00000000	-0.08000000	0.62500000	1.00000000	0.00000000	0.00000000	28.62552808	94.77730826	2.81810387	0.00827999	8.70862945	1.30125376	0.00000000	 
0.11710774	1.00000000	50.00000000	-0.08000000	0.62500000	1.00000000	0.00000000	0.00000000	29.85917398	110.64578779	2.85368957	0.00869750	8.85115497	1.30462814	0.00000000	 
0.11710774	1.00000000	50.00000000	-0.08000000	0.62500000	1.00000000	0.00000000	0.00000000	29.85917398	110.64578779	2.85368957	0.00869750	8.85115497	1.30462814	0.00000000	 
0.14306904	1.00000000	50.00000000	-0.08000000	0.65000000	0.00000000	3.14159265	2.01061930	112.34730814	26.83348736	2.59619902	0.06705497	7.45441939	1.70488456	0.00000000	 
0.90483742	1.00000000	50.00000000	-0.08000000	0.65000000	2.00000000	0.00000000	0.00000000	0.01390415	0.01359331	0.02960508	0.00000000	0.01180206	0.00897354	0.00000000	 
0.64934616	1.00000000	50.00000000	-0.08000000	0.65000000	2.00000000	0.00000000	0.00000000	0.22655372	0.16796120	0.31917530	0.00000798	0.18673115	0.13597120	0.00000000	 
0.37099036	1.00000000	50.00000000	-0.08000000	0.65000000	0.00000000	3.14159265	2.01061930	1.34045953	0.50339438	0.80542897	0.00029624	0.97423111	0.59145426	0.00000000	 
0.32041284	1.00000000	50.00000000	-0.08000000	0.65000000	0.00000000	3.14159265	2.01061930	1.94625321	0.61191730	0.93668162	0.00050080	1.33499120	0.74944640	0.00000000	 
0.25340646	1.00000000	50.00000000	-0.08000000	0.65000000	0.00000000	3.14159265	2.01061930	3.59506912	1.44626527	1.18109921	0.00118351	2.14864473	1.02450296	0.00000000	 
0.23137274	1.00000000	50.00000000	-0.08000000	0.65000000	0.00000000	3.14159265	2.01061930	4.66463898	2.03122134	1.29505645	0.00165902	2.57739835	1.13564373	0.00000000	 
0.19251995	1.00000000	50.00000000	-0.08000000	0.65000000	0.00000000	3.14159265	2.01061930	8.69036494	4.25655231	1.58255158	0.00357068	3.75297342	1.36140995	0.00000000	 
0.18328215	1.00000000	50.00000000	-0.08000000	0.65000000	0.00000000	3.14159265	2.01061930	10.67798481	5.30725126	1.67889950	0.00454769	4.16626779	1.42102294	0.00000000	 
0.17075592	1.00000000	50.00000000	-0.08000000	0.65000000	0.00000000	3.14159265	2.01061930	15.19124692	7.51472856	1.84052142	0.00684159	4.86567909	1.50547861	0.00000000	 
0.16204509	1.00000000	50.00000000	-0.08000000	0.65000000	0.00000000	3.14159265	2.01061930	21.15621417	10.05933666	1.98530336	0.01000687	5.48306400	1.56654442	0.00000000	 
0.15386110	1.00000000	50.00000000	-0.08000000	0.65000000	0.00000000	3.14159265	2.01061930	32.90317246	14.07560452	2.16435434	0.01660602	6.20223418	1.62546236	0.00000000	 
0.15148112	1.00000000	50.00000000	-0.08000000	0.65000000	0.00000000	3.14159265	2.01061930	39.09795862	15.79157807	2.22977220	0.02023254	6.44393921	1.64283662	0.00000000	 
0.14865100	1.00000000	50.00000000	-0.08000000	0.65000000	0.00000000	3.14159265	2.01061930	50.23688201	18.38063004	2.32092166	0.02692958	6.75446996	1.66361560	0.00000000	 
0.14530209	1.00000000	50.00000000	-0.08000000	0.65000000	0.00000000	3.14159265	2.01061930	75.33286097	22.66881597	2.46111164	0.04269915	7.15900497	1.68833908	0.00000000	 
0.14456965	1.00000000	50.00000000	-0.08000000	0.65000000	0.00000000	3.14159265	2.01061930	84.49131831	23.87929305	2.49990097	0.04862668	7.25347478	1.69376195	0.00000000	 
0.14306904	1.00000000	50.00000000	-0.08000000	0.65000000	0.00000000	3.14159265	2.01061930	112.34730814	26.83348736	2.59619902	0.06705497	7.45441939	1.70488456	0.00000000	 
0.14306904	1.00000000	50.00000000	-0.08000000	0.65000000	0.00000000	3.14159265	2.01061930	112.34730814	26.83348736	2.59619902	0.06705497	7.45441939	1.70488456	0.00000000	 
0.16896074	1.00000000	50.00000000	-0.08000000	0.67500000	0.00000000	3.14159265	2.01061930	120.80699072	12.39305352	2.24355602	0.09203157	5.82778985	2.24141959	0.00000000	 
0.90483742	1.00000000	50.00000000	-0.08000000	0.67500000	2.00000000	0.00000000	0.00000000	0.01458054	0.01424834	0.02972031	0.00000000	0.01208152	0.01028763	0.00000000	 
0.64577250	1.00000000	50.00000000	-0.08000000	0.67500000	2.00000000	0.00000000	0.00000000	0.24604447	0.17895337	0.32569956	0.00001085	0.19654024	0.16243620	0.00000000	 
0.36846541	1.00000000	50.00000000	-0.08000000	0.67500000	0.00000000	3.14159265	2.01061930	1.53195158	0.53436563	0.81984915	0.00058716	1.03613674	0.74990336	0.00000000	 
0.32935189	1.00000000	50.00000000	-0.08000000	0.67500000	0.00000000	3.14159265	2.01061930	2.08986235	0.61555455	0.92356846	0.00090212	1.32896806	0.91852002	0.00000000	 
0.25606656	1.00000000	50.00000000	-0.08000000	0.67500000	0.00000000	3.14159265	2.01061930	4.44852632	1.52424734	1.19890540	0.00249683	2.26746168	1.35946009	0.00000000	 
0.23990537	1.00000000	50.00000000	-0.08000000	0.67500000	0.00000000	3.14159265	2.01061930	5.59357555	1.97053920	1.28647487	0.00336255	2.60301579	1.48703607	0.00000000	 
0.21065531	1.00000000	50.00000000	-0.08000000	0.67500000	0.00000000	3.14159265	2.01061930	9.72868710	3.40248267	1.49661883	0.00663885	3.44964199	1.75569923	0.00000000	 
0.20279121	1.00000000	50.00000000	-0.08000000	0.67500000	0.00000000	3.14159265	2.01061930	11.93149316	4.04940548	1.57124027	0.00992027	3.75598823	1.83740595	0.00000000	 
0.19346245	1.00000000	50.00000000	-0.08000000	0.67500000	0.00000000	3.14159265	2.01061930	16.12048816	5.09643983	1.67647108	0.01332187	4.18329398	1.94010413	0.00000000	 
0.18514132	1.00000000	50.00000000	-0.08000000	0.67500000	0.00000000	3.14159265	2.01061930	23.12454966	6.45105069	1.79383884	0.01893138	4.63983585	2.03724205	0.00000000	 
0.18194031	1.00000000	50.00000000	-0.08000000	0.67500000	0.00000000	3.14159265	2.01061930	27.64779048	7.14111873	1.84830765	0.02250236	4.83904820	2.07603565	0.00000000	 
0.17494114	1.00000000	50.00000000	-0.08000000	0.67500000	0.00000000	3.14159265	2.01061930	47.68057326	9.22355972	2.00156778	0.03793574	5.33126564	2.16363430	0.00000000	 
0.17342641	1.00000000	50.00000000	-0.08000000	0.67500000	0.00000000	3.14159265	2.01061930	56.39519352	9.83900923	2.04585225	0.04451365	5.44962797	2.18308729	0.00000000	 
0.17064243	1.00000000	50.00000000	-0.08000000	0.67500000	0.00000000	3.14159265	2.01061930	84.59935306	11.24908758	2.15046832	0.06550011	5.67992749	2.21928447	0.00000000	 
0.17004652	1.00000000	50.00000000	-0.08000000	0.67500000	0.00000000	3.14159265	2.01061930	94.67407697	11.61972955	2.17949993	0.07291566	5.73152790	2.22710507	0.00000000	 
0.16896074	1.00000000	50.00000000	-0.08000000	0.67500000	0.00000000	3.14159265	2.01061930	120.80699072	12.39305352	2.24355602	0.09203157	5.82778985	2.24141959	0.00000000	 
0.16896074	1.00000000	50.00000000	-0.08000000	0.67500000	0.00000000	3.14159265	2.01061930	120.80699072	12.39305352	2.24355602	0.09203157	5.82778985	2.24141959	0.00000000	 
0.18528032	1.00000000	50.00000000	-0.08000000	0.70000000	0.00000000	3.14159265	2.01061930	121.57798066	8.96977976	2.09373550	0.11461719	4.88759972	3.11693746	0.00000000	 
0.90483742	1.00000000	50.00000000	-0.08000000	0.70000000	2.00000000	0.00000000	0.00000000	0.01501039	0.01466086	0.02969382	0.00000000	0.01217150	0.01155344	0.00000000	 
0.64728540	1.00000000	50.00000000	-0.08000000	0.70000000	2.00000000	0.00000000	0.00000000	0.25242949	0.18279286	0.32388492	0.00001209	0.19631243	0.18445677	0.00000000	 
0.37122784	1.00000000	50.00000000	-0.08000000	0.70000000	0.00000000	3.14159265	2.01061930	1.62243623	0.54740520	0.81871631	0.00065453	1.03535717	0.91653917	0.00000000	 
0.33216165	1.00000000	50.00000000	-0.08000000	0.70000000	0.00000000	3.14159265	2.01061930	2.24909481	0.63176386	0.92396598	0.00115446	1.32951087	1.14925355	0.00000000	 
0.25502120	1.00000000	50.00000000	-0.08000000	0.70000000	0.00000000	3.14159265	2.01061930	5.46325309	1.65874512	1.22944072	0.00461020	2.35286184	1.86386658	0.00000000	 
0.24189208	1.00000000	50.00000000	-0.08000000	0.70000000	0.00000000	3.14159265	2.01061930	6.82950384	2.06668519	1.30716383	0.00626429	2.63846948	2.03880872	0.00000000	 
0.22265554	1.00000000	50.00000000	-0.08000000	0.70000000	0.00000000	3.14159265	2.01061930	10.40363998	2.97782772	1.44930572	0.01120428	3.16778180	2.33774958	0.00000000	 
0.21567930	1.00000000	50.00000000	-0.08000000	0.70000000	0.00000000	3.14159265	2.01061930	12.69249013	3.46094287	1.51328166	0.01402085	3.40346620	2.46100938	0.00000000	 
0.20143691	1.00000000	50.00000000	-0.08000000	0.70000000	0.00000000	3.14159265	2.01061930	22.32928049	4.93324206	1.68056872	0.02526494	3.98619298	2.74199310	0.00000000	 
0.19810968	1.00000000	50.00000000	-0.08000000	0.70000000	0.00000000	3.14159265	2.01061930	26.95996754	5.43322942	1.73148311	0.03032649	4.14701574	2.81396239	0.00000000	 
0.19237862	1.00000000	50.00000000	-0.08000000	0.70000000	0.00000000	3.14159265	2.01061930	41.58749490	6.55196679	1.84230317	0.04524177	4.45170355	2.94412953	0.00000000	 
0.19068002	1.00000000	50.00000000	-0.08000000	0.70000000	0.00000000	3.14159265	2.01061930	49.44146440	6.97823975	1.88438892	0.05276270	4.54958915	2.98429086	0.00000000	 
0.18772347	1.00000000	50.00000000	-0.08000000	0.70000000	0.00000000	3.14159265	2.01061930	73.37385912	7.89767900	1.97562564	0.07437332	4.72929471	3.05597175	0.00000000	 
0.18700233	1.00000000	50.00000000	-0.08000000	0.70000000	0.00000000	3.14159265	2.01061930	83.12994072	8.17285258	2.00430623	0.08278967	4.77505032	3.07380235	0.00000000	 
0.18528032	1.00000000	50.00000000	-0.08000000	0.70000000	0.00000000	3.14159265	2.01061930	121.57798066	8.96977976	2.09373550	0.11461719	4.88759972	3.11693746	0.00000000	 
0.18528032	1.00000000	50.00000000	-0.08000000	0.70000000	0.00000000	3.14159265	2.01061930	121.57798066	8.96977976	2.09373550	0.11461719	4.88759972	3.11693746	0.00000000	 
0.19342289	1.00000000	50.00000000	-0.08000000	0.72500000	0.00000000	3.14159265	2.01061930	136.39136103	8.04515242	2.07364768	0.16309878	4.21202894	4.61556533	0.00000000	 
0.90483742	1.00000000	50.00000000	-0.08000000	0.72500000	2.00000000	0.00000000	0.00000000	0.01521302	0.01485136	0.02961067	0.00000001	0.01204455	0.01269913	0.00000000	 
0.65329598	1.00000000	50.00000000	-0.08000000	0.72500000	2.00000000	0.00000000	0.00000000	0.24611822	0.17942283	0.31430203	0.00001407	0.18626142	0.19799851	0.00000000	 
0.40618746	1.00000000	50.00000000	-0.08000000	0.72500000	0.00000000	3.14159265	2.01061930	1.29286912	0.49156041	0.73961760	0.00046352	0.82313773	0.89332862	0.00000000	 
0.36488897	1.00000000	50.00000000	-0.08000000	0.72500000	0.00000000	3.14159265	2.01061930	1.77933454	0.56937145	0.83702882	0.00091477	1.05682095	1.15274559	0.00000000	 
0.27648395	1.00000000	50.00000000	-0.08000000	0.72500000	0.00000000	3.14159265	2.01061930	4.40869212	1.22705644	1.13499017	0.00471193	1.92754196	2.12592510	0.00000000	 
0.26156027	1.00000000	50.00000000	-0.08000000	0.72500000	0.00000000	3.14159265	2.01061930	5.49636726	1.54247026	1.20957710	0.00662136	2.16747808	2.39390540	0.00000000	 
0.23000067	1.00000000	50.00000000	-0.08000000	0.72500000	0.00000000	3.14159265	2.01061930	10.47256879	2.72067640	1.42262044	0.01591623	2.85245304	3.15369999	0.00000000	 
0.22318271	1.00000000	50.00000000	-0.08000000	0.72500000	0.00000000	3.14159265	2.01061930	12.79380922	3.14750427	1.48462860	0.02021486	3.04553873	3.36577654	0.00000000	 
0.21106103	1.00000000	50.00000000	-0.08000000	0.72500000	0.00000000	3.14159265	2.01061930	20.64999773	4.22610262	1.62285576	0.03384650	3.44616123	3.80179933	0.00000000	 
0.20754051	1.00000000	50.00000000	-0.08000000	0.72500000	0.00000000	3.14159265	2.01061930	24.98113448	4.66078580	1.67373933	0.04075254	3.57913130	3.94514838	0.00000000	 
0.19988452	1.00000000	50.00000000	-0.08000000	0.72500000	0.00000000	3.14159265	2.01061930	45.21888309	5.96515081	1.81955221	0.06887471	3.90020879	4.28798090	0.00000000	 
0.19829674	1.00000000	50.00000000	-0.08000000	0.72500000	0.00000000	3.14159265	2.01061930	54.18754256	6.33798628	1.86121289	0.07985018	3.97300798	4.36498747	0.00000000	 
0.19545898	1.00000000	50.00000000	-0.08000000	0.72500000	0.00000000	3.14159265	2.01061930	83.62352190	7.17767381	1.95926304	0.11227894	4.10916179	4.50818511	0.00000000	 
0.19483436	1.00000000	50.00000000	-0.08000000	0.72500000	0.00000000	3.14159265	2.01061930	94.91236819	7.40920030	1.98808349	0.12373842	4.14023637	4.54070243	0.00000000	 
0.19342289	1.00000000	50.00000000	-0.08000000	0.72500000	0.00000000	3.14159265	2.01061930	136.39136103	8.04515242	2.07364768	0.16309878	4.21202894	4.61556533	0.00000000	 
0.19342289	1.00000000	50.00000000	-0.08000000	0.72500000	0.00000000	3.14159265	2.01061930	136.39136103	8.04515242	2.07364768	0.16309878	4.21202894	4.61556533	0.00000000	 
0.19629813	1.00000000	50.00000000	-0.08000000	0.75000000	0.00000000	3.14159265	2.01061930	126.31068280	7.75252719	2.08311001	0.21751826	3.59662422	7.39095200	0.00000000	 
0.90483742	1.00000000	50.00000000	-0.08000000	0.75000000	2.00000000	0.00000000	0.00000000	0.01522187	0.01486199	0.02941361	0.00000001	0.01171197	0.01363157	0.00000000	 
0.66994214	1.00000000	50.00000000	-0.08000000	0.75000000	2.00000000	0.00000000	0.00000000	0.21863709	0.16424140	0.28870004	0.00000821	0.16079104	0.19154404	0.00000000	 
0.39044104	1.00000000	50.00000000	-0.08000000	0.75000000	0.00000000	3.14159265	2.01061930	1.46372000	0.52101228	0.77310137	0.00075646	0.85973731	1.13686017	0.00000000	 
0.35047665	1.00000000	50.00000000	-0.08000000	0.75000000	0.00000000	3.14159265	2.01061930	2.02796584	0.60209355	0.87418484	0.00150884	1.09334878	1.49634882	0.00000000	 
0.27216031	1.00000000	50.00000000	-0.08000000	0.75000000	0.00000000	3.14159265	2.01061930	4.79672030	1.29494666	1.15863479	0.00749858	1.84688388	2.83066468	0.00000000	 
0.25873664	1.00000000	50.00000000	-0.08000000	0.75000000	0.00000000	3.14159265	2.01061930	5.93180006	1.60376481	1.23046936	0.01053877	2.04472824	3.23157302	0.00000000	 
0.22893225	1.00000000	50.00000000	-0.08000000	0.75000000	0.00000000	3.14159265	2.01061930	11.45751088	2.80871852	1.44737211	0.02644082	2.61624104	4.53233632	0.00000000	 
0.22278788	1.00000000	50.00000000	-0.08000000	0.75000000	0.00000000	3.14159265	2.01061930	13.95961183	3.22671915	1.50907365	0.03356685	2.76491441	4.90991014	0.00000000	 
0.20893668	1.00000000	50.00000000	-0.08000000	0.75000000	0.00000000	3.14159265	2.01061930	26.57985810	4.65842727	1.69540067	0.06580662	3.15462681	5.98880448	0.00000000	 
0.20627154	1.00000000	50.00000000	-0.08000000	0.75000000	0.00000000	3.14159265	2.01061930	31.99152205	5.06816506	1.74476050	0.07783210	3.23996347	6.24382720	0.00000000	 
0.20039873	1.00000000	50.00000000	-0.08000000	0.75000000	0.00000000	3.14159265	2.01061930	57.37452823	6.29414683	1.89103263	0.12486306	3.44224426	6.87780116	0.00000000	 
0.19924439	1.00000000	50.00000000	-0.08000000	0.75000000	0.00000000	3.14159265	2.01061930	67.84171420	6.62244702	1.93140438	0.14128007	3.48452680	7.01576946	0.00000000	 
0.19811298	1.00000000	50.00000000	-0.08000000	0.75000000	0.00000000	3.14159265	2.01061930	82.55411315	6.99328203	1.97854543	0.16250034	3.52684350	7.15578940	0.00000000	 
0.19734424	1.00000000	50.00000000	-0.08000000	0.75000000	0.00000000	3.14159265	2.01061930	96.77542556	7.28348425	2.01700374	0.18147311	3.55610779	7.25376347	0.00000000	 
0.19629813	1.00000000	50.00000000	-0.08000000	0.75000000	0.00000000	3.14159265	2.01061930	126.31068280	7.75252719	2.08311001	0.21751826	3.59662422	7.39095200	0.00000000	 
0.19629813	1.00000000	50.00000000	-0.08000000	0.75000000	0.00000000	3.14159265	2.01061930	126.31068280	7.75252719	2.08311001	0.21751826	3.59662422	7.39095200	0.00000000	 
0.19450196	1.00000000	50.00000000	-0.08000000	0.77500000	0.00000000	3.14159265	2.01061930	111.59734924	8.21953054	2.16888339	0.32696169	3.06926809	13.60260774	0.00000000	 
0.90483742	1.00000000	50.00000000	-0.08000000	0.77500000	2.00000000	0.00000000	0.00000000	0.01507134	0.01471826	0.02909940	0.00000001	0.01120816	0.01427778	0.00000000	 
0.64545345	1.00000000	50.00000000	-0.08000000	0.77500000	2.00000000	0.00000000	0.00000000	0.25759534	0.18597898	0.32187021	0.00001428	0.18049170	0.24077653	0.00000000	 
0.40801815	1.00000000	50.00000000	-0.08000000	0.77500000	0.00000000	3.14159265	2.01061930	1.26018319	0.48598958	0.72977711	0.00074583	0.72066160	1.11773602	0.00000000	 
0.36618793	1.00000000	50.00000000	-0.08000000	0.77500000	0.00000000	3.14159265	2.01061930	1.73835204	0.56371031	0.82774730	0.00153439	0.91515590	1.50406098	0.00000000	 
0.27297863	1.00000000	50.00000000	-0.08000000	0.77500000	0.00000000	3.14159265	2.01061930	4.56983066	1.23278957	1.14883668	0.00997325	1.63954388	3.43870070	0.00000000	 
0.25740299	1.00000000	50.00000000	-0.08000000	0.77500000	0.00000000	3.14159265	2.01061930	5.81316919	1.58080150	1.23281252	0.01489240	1.82991616	4.13260638	0.00000000	 
0.23078441	1.00000000	50.00000000	-0.08000000	0.77500000	0.00000000	3.14159265	2.01061930	10.15947383	2.60843623	1.42757655	0.03434090	2.23850658	6.04245236	0.00000000	 
0.22389698	1.00000000	50.00000000	-0.08000000	0.77500000	0.00000000	3.14159265	2.01061930	12.41179449	3.04280883	1.49620897	0.04485819	2.36665165	6.80205907	0.00000000	 
0.20954273	1.00000000	50.00000000	-0.08000000	0.77500000	0.00000000	3.14159265	2.01061930	22.35301368	4.44761754	1.69059764	0.08932666	2.67335830	9.08431895	0.00000000	 
0.20636135	1.00000000	50.00000000	-0.08000000	0.77500000	0.00000000	3.14159265	2.01061930	27.00685640	4.91911255	1.75034263	0.10828374	2.74988896	9.78758154	0.00000000	 
0.20038328	1.00000000	50.00000000	-0.08000000	0.77500000	0.00000000	3.14159265	2.01061930	43.94824491	6.12216194	1.89822009	0.16790707	2.90364836	11.41994757	0.00000000	 
0.19879423	1.00000000	50.00000000	-0.08000000	0.77500000	0.00000000	3.14159265	2.01061930	52.62217850	6.55288759	1.95113343	0.19392317	2.94690078	11.94182262	0.00000000	 
0.19635605	1.00000000	50.00000000	-0.08000000	0.77500000	0.00000000	3.14159265	2.01061930	75.27778113	7.37387539	2.05463763	0.25208398	3.01537579	12.83499068	0.00000000	 
0.19497852	1.00000000	50.00000000	-0.08000000	0.77500000	0.00000000	3.14159265	2.01061930	99.30413492	7.97482387	2.13470245	0.30345143	3.05525867	13.39716778	0.00000000	 
0.19450196	1.00000000	50.00000000	-0.08000000	0.77500000	0.00000000	3.14159265	2.01061930	111.59734924	8.21953054	2.16888339	0.32696169	3.06926809	13.60260774	0.00000000	 
0.19450196	1.00000000	50.00000000	-0.08000000	0.77500000	0.00000000	3.14159265	2.01061930	111.59734924	8.21953054	2.16888339	0.32696169	3.06926809	13.60260774	0.00000000	 
0.18772819	1.00000000	50.00000000	-0.08000000	0.80000000	0.00000000	3.14159265	2.01061930	109.33671132	10.78024476	2.55544512	0.77835340	2.66274712	40.50131760	0.00000000	 
0.90483742	1.00000000	50.00000000	-0.08000000	0.80000000	2.00000000	0.00000000	0.00000000	0.01477956	0.01444289	0.02870598	0.00000001	0.01059791	0.01466506	0.00000000	 
0.61379170	1.00000000	50.00000000	-0.08000000	0.80000000	2.00000000	0.00000000	0.00000000	0.31212492	0.21413192	0.36553499	0.00002852	0.20684476	0.30882505	0.00000000	 
0.42206214	1.00000000	50.00000000	-0.08000000	0.80000000	0.00000000	3.14159265	2.01061930	1.09555190	0.45701790	0.69365897	0.00069991	0.60931310	1.07510670	0.00000000	 
0.37512888	1.00000000	50.00000000	-0.08000000	0.80000000	0.00000000	3.14159265	2.01061930	1.54405625	0.53941489	0.79764567	0.00153865	0.78728281	1.50733401	0.00000000	 
0.29665129	1.00000000	50.00000000	-0.08000000	0.80000000	0.00000000	3.14159265	2.01061930	3.14096927	0.82525461	1.03296099	0.00687899	1.23679855	3.00489770	0.00000000	 
0.27592378	1.00000000	50.00000000	-0.08000000	0.80000000	0.00000000	3.14159265	2.01061930	4.01753826	1.10331199	1.12051606	0.01100652	1.40636855	3.79910461	0.00000000	 
0.23823663	1.00000000	50.00000000	-0.08000000	0.80000000	0.00000000	3.14159265	2.01061930	7.31126956	2.06939665	1.34405426	0.03141506	1.80592823	6.61398101	0.00000000	 
0.22905443	1.00000000	50.00000000	-0.08000000	0.80000000	0.00000000	3.14159265	2.01061930	8.93955731	2.49297382	1.42192194	0.04341128	1.92742453	7.91254203	0.00000000	 
0.21197286	1.00000000	50.00000000	-0.08000000	0.80000000	0.00000000	3.14159265	2.01061930	14.77203669	3.76950956	1.62446295	0.09156329	2.18800238	12.12173342	0.00000000	 
0.20718729	1.00000000	50.00000000	-0.08000000	0.80000000	0.00000000	3.14159265	2.01061930	17.92506512	4.33827092	1.70466355	0.11925676	2.27059635	14.14494638	0.00000000	 
0.19855043	1.00000000	50.00000000	-0.08000000	0.80000000	0.00000000	3.14159265	2.01061930	28.76794889	5.87596407	1.90735200	0.21571010	2.43242314	20.03733452	0.00000000	 
0.19610222	1.00000000	50.00000000	-0.08000000	0.80000000	0.00000000	3.14159265	2.01061930	34.60026163	6.52114163	1.98961333	0.26637408	2.48161438	22.66276901	0.00000000	 
0.19213494	1.00000000	50.00000000	-0.08000000	0.80000000	0.00000000	3.14159265	2.01061930	51.30393141	7.95376269	2.17260812	0.40255381	2.56480094	28.69017407	0.00000000	 
0.19085400	1.00000000	50.00000000	-0.08000000	0.80000000	0.00000000	3.14159265	2.01061930	60.70184715	8.57977275	2.25411990	0.47301689	2.59263770	31.36082847	0.00000000	 
0.18933589	1.00000000	50.00000000	-0.08000000	0.80000000	0.00000000	3.14159265	2.01061930	77.46498031	9.49302135	2.37567589	0.58853340	2.62628820	35.23127431	0.00000000	 
0.18772819	1.00000000	50.00000000	-0.08000000	0.80000000	0.00000000	3.14159265	2.01061930	109.33671132	10.78024476	2.55544512	0.77835340	2.66274712	40.50131760	0.00000000	 
0.18772819	1.00000000	50.00000000	-0.08000000	0.80000000	0.00000000	3.14159265	2.01061930	109.33671132	10.78024476	2.55544512	0.77835340	2.66274712	40.50131760	0.00000000	 
0.18825296	1.00000000	50.00000000	-0.08000000	0.82500000	0.00000000	3.14159265	2.63893783	115.82993083	7.99068640	2.26871020	0.63089782	2.16084055	93.28689857	0.00000000	 
0.90483742	1.00000000	50.00000000	-0.08000000	0.82500000	2.00000000	0.00000000	0.00000000	0.01483087	0.01449339	0.02824433	0.00000001	0.00992860	0.01482355	0.00000000	 
0.62148030	1.00000000	50.00000000	-0.08000000	0.82500000	2.00000000	0.00000000	0.00000000	0.29763732	0.20688031	0.34880795	0.00002575	0.18291078	0.29746293	0.00000000	 
0.40734803	1.00000000	50.00000000	-0.08000000	0.82500000	0.00000000	3.14159265	2.63893783	1.22445238	0.48035856	0.71404650	0.00092518	0.59662698	1.22247875	0.00000000	 
0.32741353	1.00000000	50.00000000	-0.08000000	0.82500000	0.00000000	3.14159265	2.63893783	2.33082187	0.63975535	0.91237702	0.00396577	0.91346438	2.32316767	0.00000000	 
0.26995587	1.00000000	50.00000000	-0.08000000	0.82500000	0.00000000	3.14159265	2.63893783	4.41722537	1.07359891	1.12571625	0.01352834	1.26584734	4.38653580	0.00000000	 
0.25464816	1.00000000	50.00000000	-0.08000000	0.82500000	0.00000000	3.14159265	2.63893783	5.54930900	1.36193925	1.20461184	0.02006848	1.38795795	5.49902130	0.00000000	 
0.21937468	1.00000000	50.00000000	-0.08000000	0.82500000	0.00000000	3.14159265	2.63893783	11.91915328	2.67131367	1.47330330	0.06468583	1.73738625	11.66397581	0.00000000	 
0.21292943	1.00000000	50.00000000	-0.08000000	0.82500000	0.00000000	3.14159265	2.63893783	14.78388519	3.12532489	1.54930312	0.08645859	1.81434664	14.38424241	0.00000000	 
0.20031019	1.00000000	50.00000000	-0.08000000	0.82500000	0.00000000	3.14159265	2.63893783	27.12217912	4.53807741	1.76304038	0.17902131	1.98015231	25.74322012	0.00000000	 
0.19769318	1.00000000	50.00000000	-0.08000000	0.82500000	0.00000000	3.14159265	2.63893783	32.62505280	4.99077955	1.82793328	0.21783212	2.01734856	30.62912531	0.00000000	 
0.19182016	1.00000000	50.00000000	-0.08000000	0.82500000	0.00000000	3.14159265	2.63893783	59.23128006	6.45304309	2.03667764	0.38073466	2.10479634	52.81630642	0.00000000	 
0.19066666	1.00000000	50.00000000	-0.08000000	0.82500000	0.00000000	3.14159265	2.63893783	70.39043850	6.86421456	2.09674616	0.43852453	2.12266180	61.46884284	0.00000000	 
0.18825296	1.00000000	50.00000000	-0.08000000	0.82500000	0.00000000	3.14159265	2.63893783	115.82993083	7.99068640	2.26871020	0.63089782	2.16084055	93.28689857	0.00000000	 
0.18825296	1.00000000	50.00000000	-0.08000000	0.82500000	0.00000000	3.14159265	2.63893783	115.82993083	7.99068640	2.26871020	0.63089782	2.16084055	93.28689857	0.00000000	 
0.18820158	1.00000000	50.00000000	-0.08000000	0.85000000	0.00000000	3.14159265	3.14159265	137.48265573	6.12319514	2.06522572	0.50430127	1.79102057	137.48265573	0.00000000	 
0.90483742	1.00000000	50.00000000	-0.08000000	0.85000000	2.00000000	0.00000000	0.00000000	0.01481645	0.01448124	0.02772277	0.00000001	0.00929473	0.01481530	0.00000000	 
0.65458989	1.00000000	50.00000000	-0.08000000	0.85000000	2.00000000	0.00000000	0.00000000	0.23642384	0.17471249	0.29688093	0.00001458	0.13722041	0.23642384	0.00000000	 
0.37840362	1.00000000	50.00000000	-0.08000000	0.85000000	0.00000000	3.14159265	3.14159265	1.51858357	0.52619774	0.76678996	0.00165690	0.62365594	1.51858357	0.00000000	 
0.33911928	1.00000000	50.00000000	-0.08000000	0.85000000	0.00000000	3.14159265	3.14159265	2.09871567	0.60377711	0.86383834	0.00323532	0.76234745	2.09871567	0.00000000	 
0.26981151	1.00000000	50.00000000	-0.08000000	0.85000000	0.00000000	3.14159265	3.14159265	4.44541898	0.97497919	1.09957464	0.01344046	1.10166715	4.44541898	0.00000000	 
0.25481322	1.00000000	50.00000000	-0.08000000	0.85000000	0.00000000	3.14159265	3.14159265	5.56727452	1.21589479	1.17146203	0.01946145	1.19783205	5.56727452	0.00000000	 
0.23235496	1.00000000	50.00000000	-0.08000000	0.85000000	0.00000000	3.14159265	3.14159265	8.57322353	1.77003699	1.30807782	0.03713201	1.36311116	8.57322353	0.00000000	 
0.22472191	1.00000000	50.00000000	-0.08000000	0.85000000	0.00000000	3.14159265	3.14159265	10.36718177	2.04754879	1.36703540	0.04811503	1.42613524	10.36718177	0.00000000	 
0.20891636	1.00000000	50.00000000	-0.08000000	0.85000000	0.00000000	3.14159265	3.14159265	17.71360697	2.90674495	1.52744362	0.09250060	1.56984712	17.71360697	0.00000000	 
0.20489644	1.00000000	50.00000000	-0.08000000	0.85000000	0.00000000	3.14159265	3.14159265	21.44137885	3.22891760	1.58225447	0.11381133	1.60958438	21.44137885	0.00000000	 
0.19675542	1.00000000	50.00000000	-0.08000000	0.85000000	0.00000000	3.14159265	3.14159265	36.79533850	4.14152313	1.73047337	0.19158810	1.69453904	36.79533850	0.00000000	 
0.19479711	1.00000000	50.00000000	-0.08000000	0.85000000	0.00000000	3.14159265	3.14159265	44.29909305	4.44692543	1.77931262	0.22471108	1.71593371	44.29909305	0.00000000	 
0.19048117	1.00000000	50.00000000	-0.08000000	0.85000000	0.00000000	3.14159265	3.14159265	79.81539032	5.36165534	1.92925931	0.35267744	1.76451148	79.81539032	0.00000000	 
0.18962952	1.00000000	50.00000000	-0.08000000	0.85000000	0.00000000	3.14159265	3.14159265	94.68211075	5.60941531	1.97193903	0.39665556	1.77434205	94.68211075	0.00000000	 
0.18820158	1.00000000	50.00000000	-0.08000000	0.85000000	0.00000000	3.14159265	3.14159265	137.48265573	6.12319514	2.06522572	0.50430127	1.79102057	137.48265573	0.00000000	 
0.18820158	1.00000000	50.00000000	-0.08000000	0.85000000	0.00000000	3.14159265	3.14159265	137.48265573	6.12319514	2.06522572	0.50430127	1.79102057	137.48265573	0.00000000	 
0.18755363	1.00000000	50.00000000	-0.08000000	0.87500000	0.00000000	3.14159265	3.14159265	100.20948518	4.57651611	1.85047126	0.32591452	1.52067672	100.20948518	0.00000000	 
0.90483742	1.00000000	50.00000000	-0.08000000	0.87500000	2.00000000	0.00000000	0.00000000	0.01470453	0.01437535	0.02715357	0.00000001	0.00869176	0.01469735	0.00000000	 
0.63852522	1.00000000	50.00000000	-0.08000000	0.87500000	2.00000000	0.00000000	0.00000000	0.26228930	0.18834145	0.31419156	0.00002051	0.14101009	0.26228930	0.00000000	 
0.40291248	1.00000000	50.00000000	-0.08000000	0.87500000	0.00000000	3.14159265	3.14159265	1.24773938	0.47663022	0.70138402	0.00109848	0.49859754	1.24773938	0.00000000	 
0.36038529	1.00000000	50.00000000	-0.08000000	0.87500000	0.00000000	3.14159265	3.14159265	1.72564113	0.54977329	0.79413058	0.00225509	0.61410883	1.72564113	0.00000000	 
0.27333672	1.00000000	50.00000000	-0.08000000	0.87500000	0.00000000	3.14159265	3.14159265	4.13141434	0.81480532	1.05468016	0.01176058	0.94958739	4.13141434	0.00000000	 
0.25745690	1.00000000	50.00000000	-0.08000000	0.87500000	0.00000000	3.14159265	3.14159265	5.18014552	1.01301954	1.12250633	0.01636079	1.03152996	5.18014552	0.00000000	 
0.24300450	1.00000000	50.00000000	-0.08000000	0.87500000	0.00000000	3.14159265	3.14159265	6.61789836	1.25659024	1.19487448	0.02379998	1.11379083	6.61789836	0.00000000	 
0.22793992	1.00000000	50.00000000	-0.08000000	0.87500000	0.00000000	3.14159265	3.14159265	9.10332661	1.65046633	1.29699660	0.03701765	1.20852643	9.10332661	0.00000000	 
0.21380923	1.00000000	50.00000000	-0.08000000	0.87500000	0.00000000	3.14159265	3.14159265	13.65262307	2.15580755	1.40621846	0.06068666	1.30705431	13.65262307	0.00000000	 
0.20854454	1.00000000	50.00000000	-0.08000000	0.87500000	0.00000000	3.14159265	3.14159265	16.64160772	2.41273909	1.45685625	0.07542491	1.34646317	16.64160772	0.00000000	 
0.20383718	1.00000000	50.00000000	-0.08000000	0.87500000	0.00000000	3.14159265	3.14159265	20.60293523	2.69198699	1.50936597	0.09384494	1.38305680	20.60293523	0.00000000	 
0.19923608	1.00000000	50.00000000	-0.08000000	0.87500000	0.00000000	3.14159265	3.14159265	26.71854927	3.03863341	1.57305195	0.11997557	1.42013485	26.71854927	0.00000000	 
0.19379271	1.00000000	50.00000000	-0.08000000	0.87500000	0.00000000	3.14159265	3.14159265	40.80268021	3.56969987	1.66655603	0.17182865	1.46578067	40.80268021	0.00000000	 
0.19203387	1.00000000	50.00000000	-0.08000000	0.87500000	0.00000000	3.14159265	3.14159265	49.05978926	3.79018528	1.70540196	0.19823630	1.48096515	49.05978926	0.00000000	 
0.18833783	1.00000000	50.00000000	-0.08000000	0.87500000	0.00000000	3.14159265	3.14159265	84.81571846	4.40220648	1.81691213	0.29214319	1.51361344	84.81571846	0.00000000	 
0.18755363	1.00000000	50.00000000	-0.08000000	0.87500000	0.00000000	3.14159265	3.14159265	100.20948518	4.57651611	1.85047126	0.32591452	1.52067672	100.20948518	0.00000000	 
0.18755363	1.00000000	50.00000000	-0.08000000	0.87500000	0.00000000	3.14159265	3.14159265	100.20948518	4.57651611	1.85047126	0.32591452	1.52067672	100.20948518	0.00000000	 
0.18390749	1.00000000	50.00000000	-0.08000000	0.90000000	0.00000000	3.14159265	2.63893783	106.47512343	3.73138840	1.75003542	0.28731717	1.33695992	100.59586801	0.00000000	 
0.90483742	1.00000000	50.00000000	-0.08000000	0.90000000	2.00000000	0.00000000	0.00000000	0.01455835	0.01423617	0.02655454	0.00000001	0.00813859	0.01455552	0.00000000	 
0.65837507	1.00000000	50.00000000	-0.08000000	0.90000000	2.00000000	0.00000000	0.00000000	0.22541526	0.16784479	0.28117806	0.00001399	0.11554370	0.22526112	0.00000000	 
0.37339994	1.00000000	50.00000000	-0.08000000	0.90000000	0.00000000	3.14159265	2.63893783	1.52072410	0.51561294	0.74913595	0.00176084	0.52237113	1.51869470	0.00000000	 
0.33336072	1.00000000	50.00000000	-0.08000000	0.90000000	0.00000000	3.14159265	2.63893783	2.11326007	0.58866483	0.84274131	0.00348542	0.63170403	2.10986532	0.00000000	 
0.27713850	1.00000000	50.00000000	-0.08000000	0.90000000	0.00000000	3.14159265	2.63893783	3.77679955	0.71849524	1.01037478	0.00998700	0.82802275	3.76772523	0.00000000	 
0.25886146	1.00000000	50.00000000	-0.08000000	0.90000000	0.00000000	3.14159265	2.63893783	4.82848612	0.85526392	1.08047629	0.01473653	0.90600474	4.81436171	0.00000000	 
0.23578461	1.00000000	50.00000000	-0.08000000	0.90000000	0.00000000	3.14159265	2.63893783	7.13631754	1.18727106	1.18842874	0.02572076	1.01726349	7.10703611	0.00000000	 
0.22568445	1.00000000	50.00000000	-0.08000000	0.90000000	0.00000000	3.14159265	2.63893783	8.87548419	1.39307783	1.24596499	0.03402366	1.07116616	8.83104165	0.00000000	 
0.21147345	1.00000000	50.00000000	-0.08000000	0.90000000	0.00000000	3.14159265	2.63893783	13.19648012	1.79033820	1.34436223	0.05372269	1.15320243	13.10037341	0.00000000	 
0.20600967	1.00000000	50.00000000	-0.08000000	0.90000000	0.00000000	3.14159265	2.63893783	16.10235664	1.99461012	1.39046313	0.06603385	1.18686233	15.96027389	0.00000000	 
0.19874208	1.00000000	50.00000000	-0.08000000	0.90000000	0.00000000	3.14159265	2.63893783	22.56040367	2.33871901	1.46367023	0.09088378	1.23362941	22.28392422	0.00000000	 
0.19574191	1.00000000	50.00000000	-0.08000000	0.90000000	0.00000000	3.14159265	2.63893783	26.94071788	2.51584600	1.49989285	0.10608706	1.25363776	26.54792493	0.00000000	 
0.18814867	1.00000000	50.00000000	-0.08000000	0.90000000	0.00000000	3.14159265	2.63893783	52.06003142	3.13366243	1.62374926	0.17703722	1.30624582	50.61561106	0.00000000	 
0.18666574	1.00000000	50.00000000	-0.08000000	0.90000000	0.00000000	3.14159265	2.63893783	63.44522162	3.30567885	1.65881536	0.20349775	1.31686912	61.31227266	0.00000000	 
0.18457374	1.00000000	50.00000000	-0.08000000	0.90000000	0.00000000	3.14159265	2.63893783	91.52722083	3.61009548	1.72319642	0.26038123	1.33206568	87.15028339	0.00000000	 
0.18390749	1.00000000	50.00000000	-0.08000000	0.90000000	0.00000000	3.14159265	2.63893783	106.47512343	3.73138840	1.75003542	0.28731717	1.33695992	100.59586801	0.00000000	 
0.18390749	1.00000000	50.00000000	-0.08000000	0.90000000	0.00000000	3.14159265	2.63893783	106.47512343	3.73138840	1.75003542	0.28731717	1.33695992	100.59586801	0.00000000	 
0.18036552	1.00000000	50.00000000	-0.08000000	0.92500000	0.00000000	3.14159265	2.63893783	101.83806622	3.09303158	1.65663080	0.23813468	1.19274865	86.83628837	0.00000000	 
0.90483742	1.00000000	50.00000000	-0.08000000	0.92500000	2.00000000	0.00000000	0.00000000	0.01441516	0.01409975	0.02594185	0.00000001	0.00765650	0.01436226	0.00000000	 
0.60915735	1.00000000	50.00000000	-0.08000000	0.92500000	2.00000000	0.00000000	0.00000000	0.31201063	0.21227361	0.34339751	0.00003771	0.14587093	0.31103103	0.00000000	 
0.41699615	1.00000000	50.00000000	-0.08000000	0.92500000	0.00000000	3.14159265	2.63893783	1.08555603	0.43946389	0.64837390	0.00083064	0.38981734	1.08073351	0.00000000	 
0.36931392	1.00000000	50.00000000	-0.08000000	0.92500000	0.00000000	3.14159265	2.63893783	1.53412601	0.51232544	0.74234968	0.00180498	0.48627696	1.52617126	0.00000000	 
0.28935710	1.00000000	50.00000000	-0.08000000	0.92500000	0.00000000	3.14159265	2.63893783	3.15255949	0.66645805	0.94278024	0.00719296	0.70315954	3.12788830	0.00000000	 
0.26842249	1.00000000	50.00000000	-0.08000000	0.92500000	0.00000000	3.14159265	2.63893783	4.04231765	0.71835951	1.01132133	0.01080864	0.77548364	4.00484840	0.00000000	 
0.23672213	1.00000000	50.00000000	-0.08000000	0.92500000	0.00000000	3.14159265	2.63893783	6.55907842	0.99372805	1.13959714	0.02174832	0.90162813	6.47159894	0.00000000	 
0.22595158	1.00000000	50.00000000	-0.08000000	0.92500000	0.00000000	3.14159265	2.63893783	8.14118891	1.16290582	1.19353699	0.02861882	0.94985045	8.01187176	0.00000000	 
0.20640739	1.00000000	50.00000000	-0.08000000	0.92500000	0.00000000	3.14159265	2.63893783	13.87247561	1.60562099	1.31538251	0.05161406	1.04557940	13.52530538	0.00000000	 
0.20124040	1.00000000	50.00000000	-0.08000000	0.92500000	0.00000000	3.14159265	2.63893783	16.87122386	1.77018827	1.35591592	0.06239370	1.07285241	16.36925066	0.00000000	 
0.19332700	1.00000000	50.00000000	-0.08000000	0.92500000	0.00000000	3.14159265	2.63893783	24.93399326	2.09104629	1.43047834	0.08795376	1.11638197	23.88039076	0.00000000	 
0.19040704	1.00000000	50.00000000	-0.08000000	0.92500000	0.00000000	3.14159265	2.63893783	30.15015730	2.24105515	1.46403479	0.10246713	1.13301119	28.63715148	0.00000000	 
0.18578067	1.00000000	50.00000000	-0.08000000	0.92500000	0.00000000	3.14159265	2.63893783	44.81293414	2.53841154	1.52965267	0.13769327	1.16002228	41.59571838	0.00000000	 
0.18430084	1.00000000	50.00000000	-0.08000000	0.92500000	0.00000000	3.14159265	2.63893783	52.96954631	2.65749487	1.55603776	0.15481997	1.16884152	48.55188684	0.00000000	 
0.18120264	1.00000000	50.00000000	-0.08000000	0.92500000	0.00000000	3.14159265	2.63893783	85.19681648	2.97807391	1.62915848	0.21244721	1.18760490	74.41386289	0.00000000	 
0.18036552	1.00000000	50.00000000	-0.08000000	0.92500000	0.00000000	3.14159265	2.63893783	101.83806622	3.09303158	1.65663080	0.23813468	1.19274865	86.83628837	0.00000000	 
0.18036552	1.00000000	50.00000000	-0.08000000	0.92500000	0.00000000	3.14159265	2.63893783	101.83806622	3.09303158	1.65663080	0.23813468	1.19274865	86.83628837	0.00000000	 
0.17571829	1.00000000	50.00000000	-0.08000000	0.95000000	0.00000000	3.14159265	2.63893783	115.43033811	2.72016678	1.60555728	0.22435325	1.08331741	88.19525236	0.00000000	 
0.90483742	1.00000000	50.00000000	-0.08000000	0.95000000	2.00000000	0.00000000	0.00000000	0.01426478	0.01395410	0.02532280	0.00000001	0.00722404	0.01420485	0.00000000	 
0.62970602	1.00000000	50.00000000	-0.08000000	0.95000000	2.00000000	0.00000000	0.00000000	0.26831837	0.19037160	0.30863923	0.00002612	0.12098978	0.26703398	0.00000000	 
0.39611271	1.00000000	50.00000000	-0.08000000	0.95000000	0.00000000	3.14159265	2.63893783	1.23053056	0.46211162	0.67414878	0.00113794	0.39622355	1.22114896	0.00000000	 
0.35237152	1.00000000	50.00000000	-0.08000000	0.95000000	0.00000000	3.14159265	2.63893783	1.70838766	0.53008431	0.76219997	0.00226174	0.48245239	1.69314529	0.00000000	 
0.27891913	1.00000000	50.00000000	-0.08000000	0.95000000	0.00000000	3.14159265	2.63893783	3.40557198	0.67178900	0.94846561	0.00794584	0.67027915	3.36000369	0.00000000	 
0.25917232	1.00000000	50.00000000	-0.08000000	0.95000000	0.00000000	3.14159265	2.63893783	4.35185911	0.71982770	1.01287599	0.01164537	0.73287272	4.28301565	0.00000000	 
0.21849735	1.00000000	50.00000000	-0.08000000	0.95000000	0.00000000	3.14159265	2.63893783	8.82666483	1.09975710	1.18460649	0.02942508	0.88354003	8.58734432	0.00000000	 
0.21050658	1.00000000	50.00000000	-0.08000000	0.95000000	0.00000000	3.14159265	2.63893783	10.81211402	1.24291868	1.22877009	0.03676948	0.91720525	10.46572614	0.00000000	 
0.19929176	1.00000000	50.00000000	-0.08000000	0.95000000	0.00000000	3.14159265	2.63893783	15.54757267	1.50111354	1.30154894	0.05265576	0.96707987	14.87003126	0.00000000	 
0.19455860	1.00000000	50.00000000	-0.08000000	0.95000000	0.00000000	3.14159265	2.63893783	18.94931415	1.63952262	1.33790403	0.06285437	0.98911353	17.96959775	0.00000000	 
0.18820747	1.00000000	50.00000000	-0.08000000	0.95000000	0.00000000	3.14159265	2.63893783	26.60759439	1.86892936	1.39543164	0.08306636	1.01966000	24.75843239	0.00000000	 
0.18543577	1.00000000	50.00000000	-0.08000000	0.95000000	0.00000000	3.14159265	2.63893783	32.19581932	1.99221412	1.42543488	0.09604488	1.03335945	29.55349177	0.00000000	 
0.18292293	1.00000000	50.00000000	-0.08000000	0.95000000	0.00000000	3.14159265	2.63893783	39.68361511	2.12247418	1.45680840	0.11177162	1.04598170	35.77885813	0.00000000	 
0.18069473	1.00000000	50.00000000	-0.08000000	0.95000000	0.00000000	3.14159265	2.63893783	49.89043676	2.25928153	1.48972817	0.13097125	1.05734071	43.91638876	0.00000000	 
0.17788347	1.00000000	50.00000000	-0.08000000	0.95000000	0.00000000	3.14159265	2.63893783	73.56680894	2.47916392	1.54354310	0.16913314	1.07190641	61.38578880	0.00000000	 
0.17688653	1.00000000	50.00000000	-0.08000000	0.95000000	0.00000000	3.14159265	2.63893783	88.34563266	2.57851559	1.56860355	0.18998641	1.07713832	71.39650361	0.00000000	 
0.17571829	1.00000000	50.00000000	-0.08000000	0.95000000	0.00000000	3.14159265	2.63893783	115.43033811	2.72016678	1.60555728	0.22435325	1.08331741	88.19525236	0.00000000	 
0.17571829	1.00000000	50.00000000	-0.08000000	0.95000000	0.00000000	3.14159265	2.63893783	115.43033811	2.72016678	1.60555728	0.22435325	1.08331741	88.19525236	0.00000000	 
0.17026533	1.00000000	50.00000000	-0.08000000	0.97500000	0.00000000	3.14159265	2.63893783	141.02516040	2.50903504	1.58553360	0.23967381	0.99761012	112.28891582	0.00000000	 
0.90483742	1.00000000	50.00000000	-0.08000000	0.97500000	2.00000000	0.00000000	0.00000000	0.01411415	0.01380889	0.02470242	0.00000001	0.00682974	0.01409022	0.00000000	 
0.66422462	1.00000000	50.00000000	-0.08000000	0.97500000	2.00000000	0.00000000	0.00000000	0.20821907	0.15726711	0.25707335	0.00001396	0.09183241	0.20748351	0.00000000	 
0.37378912	1.00000000	50.00000000	-0.08000000	0.97500000	0.00000000	3.14159265	2.63893783	1.41078056	0.48632463	0.70224875	0.00153545	0.40568791	1.40144946	0.00000000	 
0.33318773	1.00000000	50.00000000	-0.08000000	0.97500000	0.00000000	3.14159265	2.63893783	1.93926978	0.55076079	0.78635520	0.00291632	0.48454191	1.92441439	0.00000000	 
0.25185275	1.00000000	50.00000000	-0.08000000	0.97500000	0.00000000	3.14159265	2.63893783	4.54212977	0.71556956	1.00670747	0.01214294	0.69070432	4.48566700	0.00000000	 
0.23695914	1.00000000	50.00000000	-0.08000000	0.97500000	0.00000000	3.14159265	2.63893783	5.67759099	0.75490227	1.06072448	0.01625771	0.73757541	5.59560324	0.00000000	 
0.20294945	1.00000000	50.00000000	-0.08000000	0.97500000	0.00000000	3.14159265	2.63893783	11.80173760	1.17597440	1.21881577	0.03789462	0.85861922	11.50678172	0.00000000	 
0.19675725	1.00000000	50.00000000	-0.08000000	0.97500000	0.00000000	3.14159265	2.63893783	14.42617482	1.29995369	1.25653257	0.04599218	0.88305261	14.00163943	0.00000000	 
0.18681440	1.00000000	50.00000000	-0.08000000	0.97500000	0.00000000	3.14159265	2.63893783	22.08243973	1.55588339	1.32890636	0.06651215	0.92403878	21.15231952	0.00000000	 
0.18347570	1.00000000	50.00000000	-0.08000000	0.97500000	0.00000000	3.14159265	2.63893783	26.73483255	1.66599289	1.35846208	0.07734010	0.93831391	25.40696638	0.00000000	 
0.17666167	1.00000000	50.00000000	-0.08000000	0.97500000	0.00000000	3.14159265	2.63893783	46.28842866	1.96299753	1.43603656	0.11514440	0.96830395	42.58027269	0.00000000	 
0.17505957	1.00000000	50.00000000	-0.08000000	0.97500000	0.00000000	3.14159265	2.63893783	55.73881471	2.05767871	1.46073024	0.13067435	0.97553114	50.49154873	0.00000000	 
0.17288946	1.00000000	50.00000000	-0.08000000	0.97500000	0.00000000	3.14159265	2.63893783	76.86576984	2.21643266	1.50288304	0.16172810	0.98543596	67.33346921	0.00000000	 
0.17192279	1.00000000	50.00000000	-0.08000000	0.97500000	0.00000000	3.14159265	2.63893783	92.38789369	2.30541496	1.52718906	0.18234365	0.98989359	79.01594846	0.00000000	 
0.17026533	1.00000000	50.00000000	-0.08000000	0.97500000	0.00000000	3.14159265	2.63893783	141.02516040	2.50903504	1.58553360	0.23967381	0.99761012	112.28891582	0.00000000	 
0.17026533	1.00000000	50.00000000	-0.08000000	0.97500000	0.00000000	3.14159265	2.63893783	141.02516040	2.50903504	1.58553360	0.23967381	0.99761012	112.28891582	0.00000000	 
0.10747747	1.00000000	50.00000000	-0.08000000	0.60000000	0.00000000	3.14159265	2.01061930	101.73447692	3.25928384	1.82631976	0.03460164	5.65179211	2.21601811	1.00000000	 
0.90483742	1.00000000	50.00000000	-0.08000000	0.60000000	2.00000000	0.00000000	0.00000000	0.01195426	0.01172074	0.02918006	0.00000000	0.01095721	0.00670641	1.00000000	 
0.69945232	1.00000000	50.00000000	-0.08000000	0.60000000	2.00000000	0.00000000	0.00000000	0.13825794	0.11320661	0.24463798	0.00000220	0.12264759	0.07510374	1.00000000	 
0.42284875	1.00000000	50.00000000	-0.08000000	0.60000000	0.00000000	3.14159265	2.01061930	0.86380651	0.40381633	0.66736669	0.00011663	0.67210453	0.40156533	1.00000000	 
0.25858122	1.00000000	50.00000000	-0.08000000	0.60000000	0.00000000	3.14159265	2.01061930	2.88188960	0.72511969	1.01817981	0.00061832	1.75173111	0.95303924	1.00000000	 
0.23029852	1.00000000	50.00000000	-0.08000000	0.60000000	0.00000000	3.14159265	2.01061930	3.79011155	0.84919692	1.10228397	0.00091126	2.10572604	1.10888426	1.00000000	 
0.18702583	1.00000000	50.00000000	-0.08000000	0.60000000	0.00000000	3.14159265	2.01061930	6.37821601	1.27883746	1.25990470	0.00188033	2.85439401	1.40440509	1.00000000	 
0.14970447	1.00000000	50.00000000	-0.08000000	0.60000000	0.00000000	3.14159265	2.01061930	12.37994220	1.87208183	1.44285523	0.00404360	3.83089323	1.73227425	1.00000000	 
0.14134608	1.00000000	50.00000000	-0.08000000	0.60000000	0.00000000	3.14159265	2.01061930	15.25629747	2.05214530	1.49411039	0.00506199	4.11453450	1.81732855	1.00000000	 
0.12268361	1.00000000	50.00000000	-0.08000000	0.60000000	0.00000000	3.14159265	2.01061930	29.67902052	2.56494262	1.63458072	0.01174910	4.87118775	2.02545374	1.00000000	 
0.11925789	1.00000000	50.00000000	-0.08000000	0.60000000	0.00000000	3.14159265	2.01061930	35.53786252	2.68495696	1.66695363	0.01363312	5.03235269	2.06691576	1.00000000	 
0.11429959	1.00000000	50.00000000	-0.08000000	0.60000000	0.00000000	3.14159265	2.01061930	49.28693688	2.88469617	1.72105490	0.01804985	5.28013074	2.12821816	1.00000000	 
0.11219176	1.00000000	50.00000000	-0.08000000	0.60000000	0.00000000	3.14159265	2.01061930	58.77411476	2.98319263	1.74806163	0.02107189	5.39100715	2.15491308	1.00000000	 
0.10913153	1.00000000	50.00000000	-0.08000000	0.60000000	0.00000000	3.14159265	2.01061930	81.12143822	3.15009494	1.79478209	0.02813838	5.55823158	2.19435591	1.00000000	 
0.10839676	1.00000000	50.00000000	-0.08000000	0.60000000	0.00000000	3.14159265	2.01061930	89.17084262	3.19639250	1.80804115	0.03066604	5.59951170	2.20394847	1.00000000	 
0.10747747	1.00000000	50.00000000	-0.08000000	0.60000000	0.00000000	3.14159265	2.01061930	101.73447692	3.25928384	1.82631976	0.03460164	5.65179211	2.21601811	1.00000000	 
0.10747747	1.00000000	50.00000000	-0.08000000	0.60000000	0.00000000	3.14159265	2.01061930	101.73447692	3.25928384	1.82631976	0.03460164	5.65179211	2.21601811	1.00000000	 
0.12864004	1.00000000	50.00000000	-0.08000000	0.62500000	0.00000000	3.14159265	2.01061930	104.33213456	2.87418913	1.72935035	0.03980495	4.94780553	2.74278896	1.00000000	 
0.90483742	1.00000000	50.00000000	-0.08000000	0.62500000	2.00000000	0.00000000	0.00000000	0.01305402	0.01277812	0.02942063	0.00000000	0.01142589	0.00777662	1.00000000	 
0.70184257	1.00000000	50.00000000	-0.08000000	0.62500000	2.00000000	0.00000000	0.00000000	0.14822354	0.12009986	0.24319134	0.00000254	0.12582512	0.08654758	1.00000000	 
0.42382227	1.00000000	50.00000000	-0.08000000	0.62500000	0.00000000	3.14159265	2.01061930	0.95326763	0.42435628	0.67137742	0.00015480	0.70218612	0.48503912	1.00000000	 
0.34650904	1.00000000	50.00000000	-0.08000000	0.62500000	0.00000000	3.14159265	2.01061930	1.62706659	0.55418257	0.81885990	0.00033016	1.08877120	0.74241139	1.00000000	 
0.26626161	1.00000000	50.00000000	-0.08000000	0.62500000	0.00000000	3.14159265	2.01061930	3.17319369	0.73729930	1.01079987	0.00111024	1.76464023	1.16529052	1.00000000	 
0.21991976	1.00000000	50.00000000	-0.08000000	0.62500000	0.00000000	3.14159265	2.01061930	5.28906243	0.99437669	1.15677759	0.00214462	2.39649194	1.52936062	1.00000000	 
0.18805223	1.00000000	50.00000000	-0.08000000	0.62500000	0.00000000	3.14159265	2.01061930	8.52538528	1.36077467	1.28484423	0.00495379	3.01513020	1.85875436	1.00000000	 
0.16943676	1.00000000	50.00000000	-0.08000000	0.62500000	0.00000000	3.14159265	2.01061930	12.47495619	1.65448815	1.37719484	0.00700672	3.48247092	2.09137737	1.00000000	 
0.15328914	1.00000000	50.00000000	-0.08000000	0.62500000	0.00000000	3.14159265	2.01061930	19.78896185	1.98756738	1.47523965	0.01053188	3.97582717	2.32308113	1.00000000	 
0.14821837	1.00000000	50.00000000	-0.08000000	0.62500000	0.00000000	3.14159265	2.01061930	23.98331353	2.11495731	1.51159065	0.01239500	4.15159329	2.40245018	1.00000000	 
0.13944332	1.00000000	50.00000000	-0.08000000	0.62500000	0.00000000	3.14159265	2.01061930	37.17396581	2.37763208	1.58565159	0.01773611	4.48356756	2.54801851	1.00000000	 
0.13695514	1.00000000	50.00000000	-0.08000000	0.62500000	0.00000000	3.14159265	2.01061930	43.81538136	2.46678486	1.61077922	0.02021475	4.58471012	2.59130139	1.00000000	 
0.13229514	1.00000000	50.00000000	-0.08000000	0.62500000	0.00000000	3.14159265	2.01061930	65.23846935	2.66473280	1.66724612	0.02761948	4.78326474	2.67487503	1.00000000	 
0.13119628	1.00000000	50.00000000	-0.08000000	0.62500000	0.00000000	3.14159265	2.01061930	73.59072144	2.72046622	1.68345709	0.03033348	4.83189962	2.69507148	1.00000000	 
0.12919130	1.00000000	50.00000000	-0.08000000	0.62500000	0.00000000	3.14159265	2.01061930	95.75894544	2.83729307	1.71814830	0.03722958	4.92247688	2.73241045	1.00000000	 
0.12864004	1.00000000	50.00000000	-0.08000000	0.62500000	0.00000000	3.14159265	2.01061930	104.33213456	2.87418913	1.72935035	0.03980495	4.94780553	2.74278896	1.00000000	 
0.12864004	1.00000000	50.00000000	-0.08000000	0.62500000	0.00000000	3.14159265	2.01061930	104.33213456	2.87418913	1.72935035	0.03980495	4.94780553	2.74278896	1.00000000	 
0.14107974	1.00000000	50.00000000	-0.08000000	0.65000000	0.00000000	3.14159265	2.01061930	104.62086355	2.76486750	1.71112159	0.05027584	4.46786022	3.63659483	1.00000000	 
0.90483742	1.00000000	50.00000000	-0.08000000	0.65000000	2.00000000	0.00000000	0.00000000	0.01394125	0.01362888	0.02961006	0.00000000	0.01181923	0.00902707	1.00000000	 
0.65117209	1.00000000	50.00000000	-0.08000000	0.65000000	2.00000000	0.00000000	0.00000000	0.23090375	0.17056828	0.31570222	0.00000840	0.18698267	0.14602286	1.00000000	 
0.38059124	1.00000000	50.00000000	-0.08000000	0.65000000	0.00000000	3.14159265	2.01061930	1.37702765	0.50814876	0.75506723	0.00031256	0.92127339	0.74794022	1.00000000	 
0.31244429	1.00000000	50.00000000	-0.08000000	0.65000000	0.00000000	3.14159265	2.01061930	2.31723767	0.64075735	0.90033685	0.00081224	1.36379885	1.11562299	1.00000000	 
0.22908633	1.00000000	50.00000000	-0.08000000	0.65000000	0.00000000	3.14159265	2.01061930	5.44801801	0.94886692	1.13859969	0.00430090	2.29594584	1.89523174	1.00000000	 
0.20627383	1.00000000	50.00000000	-0.08000000	0.65000000	0.00000000	3.14159265	2.01061930	7.61975436	1.18895061	1.22652592	0.00597273	2.68681753	2.21532678	1.00000000	 
0.17204887	1.00000000	50.00000000	-0.08000000	0.65000000	0.00000000	3.14159265	2.01061930	15.96428860	1.71843187	1.39656249	0.01194027	3.46341403	2.84261761	1.00000000	 
0.16591795	1.00000000	50.00000000	-0.08000000	0.65000000	0.00000000	3.14159265	2.01061930	19.42266563	1.84860677	1.43536787	0.01414973	3.63476368	2.97943919	1.00000000	 
0.15412563	1.00000000	50.00000000	-0.08000000	0.65000000	0.00000000	3.14159265	2.01061930	32.33295827	2.15568105	1.52467547	0.02137432	3.99987982	3.26906745	1.00000000	 
0.15103685	1.00000000	50.00000000	-0.08000000	0.65000000	0.00000000	3.14159265	2.01061930	38.85480276	2.25520253	1.55333485	0.02458956	4.10413169	3.35128984	1.00000000	 
0.14563965	1.00000000	50.00000000	-0.08000000	0.65000000	0.00000000	3.14159265	2.01061930	59.31254005	2.46453555	1.61403754	0.03355096	4.29581318	3.50192946	1.00000000	 
0.14441806	1.00000000	50.00000000	-0.08000000	0.65000000	0.00000000	3.14159265	2.01061930	67.18004206	2.52174475	1.63089459	0.03668820	4.34096002	3.53731735	1.00000000	 
0.14273402	1.00000000	50.00000000	-0.08000000	0.65000000	0.00000000	3.14159265	2.01061930	82.06630856	2.61040518	1.65741756	0.04231220	4.40430315	3.58690718	1.00000000	 
0.14193823	1.00000000	50.00000000	-0.08000000	0.65000000	0.00000000	3.14159265	2.01061930	91.58844954	2.65763359	1.67177857	0.04574256	4.43468952	3.61067082	1.00000000	 
0.14107974	1.00000000	50.00000000	-0.08000000	0.65000000	0.00000000	3.14159265	2.01061930	104.62086355	2.76486750	1.71112159	0.05027584	4.46786022	3.63659483	1.00000000	 
0.14107974	1.00000000	50.00000000	-0.08000000	0.65000000	0.00000000	3.14159265	2.01061930	104.62086355	2.76486750	1.71112159	0.05027584	4.46786022	3.63659483	1.00000000	 
0.14643784	1.00000000	50.00000000	-0.08000000	0.67500000	0.00000000	3.14159265	2.01061930	114.08737109	2.73014139	1.69991523	0.06832817	4.08288556	5.09337664	1.00000000	 
0.90483742	1.00000000	50.00000000	-0.08000000	0.67500000	2.00000000	0.00000000	0.00000000	0.01460003	0.01426704	0.02972225	0.00000000	0.01208878	0.01034033	1.00000000	 
0.64808020	1.00000000	50.00000000	-0.08000000	0.67500000	2.00000000	0.00000000	0.00000000	0.24653074	0.17941456	0.32098846	0.00001193	0.19428721	0.17177673	1.00000000	 
0.46418057	1.00000000	50.00000000	-0.08000000	0.67500000	0.00000000	3.14159265	2.01061930	0.82128217	0.38960897	0.60673706	0.00017506	0.58164430	0.54276398	1.00000000	 
0.28821281	1.00000000	50.00000000	-0.08000000	0.67500000	0.00000000	3.14159265	2.01061930	3.02817391	0.70677844	0.96641242	0.00173726	1.56145359	1.60214288	1.00000000	 
0.26201041	1.00000000	50.00000000	-0.08000000	0.67500000	0.00000000	3.14159265	2.01061930	3.94339352	0.77843576	1.04033937	0.00263620	1.82918991	1.91869702	1.00000000	 
0.20859298	1.00000000	50.00000000	-0.08000000	0.67500000	0.00000000	3.14159265	2.01061930	8.07130156	1.19788349	1.23117038	0.00827078	2.58099964	2.87127850	1.00000000	 
0.19713102	1.00000000	50.00000000	-0.08000000	0.67500000	0.00000000	3.14159265	2.01061930	9.99580916	1.35211019	1.28338619	0.01031871	2.79296639	3.15772826	1.00000000	 
0.17505931	1.00000000	50.00000000	-0.08000000	0.67500000	0.00000000	3.14159265	2.01061930	17.36948170	1.73830075	1.40490532	0.01743639	3.27286667	3.83762480	1.00000000	 
0.16869418	1.00000000	50.00000000	-0.08000000	0.67500000	0.00000000	3.14159265	2.01061930	21.68197858	1.88252009	1.44802581	0.02109204	3.43223090	4.07351047	1.00000000	 
0.15770958	1.00000000	50.00000000	-0.08000000	0.67500000	0.00000000	3.14159265	2.01061930	36.81761210	2.19402103	1.53918349	0.03187083	3.73370828	4.53437766	1.00000000	 
0.15506028	1.00000000	50.00000000	-0.08000000	0.67500000	0.00000000	3.14159265	2.01061930	43.97709089	2.28832414	1.56665817	0.03621219	3.81192507	4.65718091	1.00000000	 
0.15128083	1.00000000	50.00000000	-0.08000000	0.67500000	0.00000000	3.14159265	2.01061930	60.48210806	2.44625966	1.61308034	0.04509016	3.92751724	4.84119784	1.00000000	 
0.15004623	1.00000000	50.00000000	-0.08000000	0.67500000	0.00000000	3.14159265	2.01061930	68.80703171	2.50667168	1.63109359	0.04914226	3.96633666	4.90367222	1.00000000	 
0.14792274	1.00000000	50.00000000	-0.08000000	0.67500000	0.00000000	3.14159265	2.01061930	89.89373720	2.62693784	1.66761954	0.05855293	4.03435854	5.01400078	1.00000000	 
0.14742896	1.00000000	50.00000000	-0.08000000	0.67500000	0.00000000	3.14159265	2.01061930	96.73611284	2.65901257	1.67754908	0.06140872	4.05040704	5.04018948	1.00000000	 
0.14643784	1.00000000	50.00000000	-0.08000000	0.67500000	0.00000000	3.14159265	2.01061930	114.08737109	2.73014139	1.69991523	0.06832817	4.08288556	5.09337664	1.00000000	 
0.14643784	1.00000000	50.00000000	-0.08000000	0.67500000	0.00000000	3.14159265	2.01061930	114.08737109	2.73014139	1.69991523	0.06832817	4.08288556	5.09337664	1.00000000	 
0.14797277	1.00000000	50.00000000	-0.08000000	0.70000000	0.00000000	3.14159265	2.01061930	106.25629174	2.78367570	1.71965790	0.08788839	3.66837639	7.55602500	1.00000000	 
0.90483742	1.00000000	50.00000000	-0.08000000	0.70000000	2.00000000	0.00000000	0.00000000	0.01501910	0.01466924	0.02969091	0.00000000	0.01217058	0.01159821	1.00000000	 
0.64795361	1.00000000	50.00000000	-0.08000000	0.70000000	2.00000000	0.00000000	0.00000000	0.25292739	0.18307156	0.32095738	0.00001366	0.19416919	0.19381411	1.00000000	 
0.46399925	1.00000000	50.00000000	-0.08000000	0.70000000	0.00000000	3.14159265	2.01061930	0.83926733	0.39404505	0.60700274	0.00016195	0.57303738	0.62101624	1.00000000	 
0.36307978	1.00000000	50.00000000	-0.08000000	0.70000000	0.00000000	3.14159265	2.01061930	1.66560243	0.55107590	0.79330198	0.00070645	0.98741919	1.15992365	1.00000000	 
0.29620205	1.00000000	50.00000000	-0.08000000	0.70000000	0.00000000	3.14159265	2.01061930	2.86544112	0.68907203	0.94674712	0.00200505	1.42897645	1.82370479	1.00000000	 
0.25551208	1.00000000	50.00000000	-0.08000000	0.70000000	0.00000000	3.14159265	2.01061930	4.32178882	0.79901815	1.06307240	0.00393288	1.80911040	2.48113607	1.00000000	 
0.21242744	1.00000000	50.00000000	-0.08000000	0.70000000	0.00000000	3.14159265	2.01061930	7.75291694	1.16456986	1.22162552	0.01103945	2.35781991	3.60299692	1.00000000	 
0.18966739	1.00000000	50.00000000	-0.08000000	0.70000000	0.00000000	3.14159265	2.01061930	12.10979871	1.49401694	1.33208591	0.01747658	2.73561753	4.52430421	1.00000000	 
0.18180806	1.00000000	50.00000000	-0.08000000	0.70000000	0.00000000	3.14159265	2.01061930	14.78027898	1.63903845	1.37766811	0.02115422	2.88465845	4.92849289	1.00000000	 
0.16807918	1.00000000	50.00000000	-0.08000000	0.70000000	0.00000000	3.14159265	2.01061930	23.32588949	1.95414331	1.47279064	0.03153002	3.17234255	5.78555028	1.00000000	 
0.16368255	1.00000000	50.00000000	-0.08000000	0.70000000	0.00000000	3.14159265	2.01061930	28.35551105	2.07960114	1.50971853	0.03681429	3.27264732	6.11115416	1.00000000	 
0.15584148	1.00000000	50.00000000	-0.08000000	0.70000000	0.00000000	3.14159265	2.01061930	45.24230940	2.35497051	1.59026699	0.05158096	3.46250268	6.77037129	1.00000000	 
0.15380496	1.00000000	50.00000000	-0.08000000	0.70000000	0.00000000	3.14159265	2.01061930	53.28332106	2.44355780	1.61633888	0.05750624	3.51425185	6.96052490	1.00000000	 
0.15068381	1.00000000	50.00000000	-0.08000000	0.70000000	0.00000000	3.14159265	2.01061930	72.86817933	2.60352130	1.66409657	0.07009257	3.59561975	7.26930435	1.00000000	 
0.14979230	1.00000000	50.00000000	-0.08000000	0.70000000	0.00000000	3.14159265	2.01061930	81.31370404	2.65706591	1.68037048	0.07494013	3.61932949	7.36160806	1.00000000	 
0.14797277	1.00000000	50.00000000	-0.08000000	0.70000000	0.00000000	3.14159265	2.01061930	106.25629174	2.78367570	1.71965790	0.08788839	3.66837639	7.55602500	1.00000000	 
0.14797277	1.00000000	50.00000000	-0.08000000	0.70000000	0.00000000	3.14159265	2.01061930	106.25629174	2.78367570	1.71965790	0.08788839	3.66837639	7.55602500	1.00000000	 
0.14516357	1.00000000	50.00000000	-0.08000000	0.72500000	0.00000000	3.14159265	2.01061930	108.75776516	2.99846922	1.78937929	0.12658594	3.29735113	12.34877157	1.00000000	 
0.90483742	1.00000000	50.00000000	-0.08000000	0.72500000	2.00000000	0.00000000	0.00000000	0.01521622	0.01485446	0.02960508	0.00000001	0.01203629	0.01273464	1.00000000	 
0.66537252	1.00000000	50.00000000	-0.08000000	0.72500000	2.00000000	0.00000000	0.00000000	0.22549033	0.16799915	0.29492233	0.00001158	0.16916965	0.18833729	1.00000000	 
0.39278836	1.00000000	50.00000000	-0.08000000	0.72500000	0.00000000	3.14159265	2.01061930	1.34510308	0.49909017	0.73308389	0.00055009	0.80146662	1.07751721	1.00000000	 
0.34721965	1.00000000	50.00000000	-0.08000000	0.72500000	0.00000000	3.14159265	2.01061930	1.86704677	0.57809606	0.82531461	0.00111430	1.01745566	1.45864919	1.00000000	 
0.26092039	1.00000000	50.00000000	-0.08000000	0.72500000	0.00000000	3.14159265	2.01061930	4.00353412	0.77651360	1.04551318	0.00473485	1.62239750	2.81647722	1.00000000	 
0.23810536	1.00000000	50.00000000	-0.08000000	0.72500000	0.00000000	3.14159265	2.01061930	5.21619538	0.88955469	1.12141874	0.00720578	1.84707252	3.46606318	1.00000000	 
0.19257293	1.00000000	50.00000000	-0.08000000	0.72500000	0.00000000	3.14159265	2.01061930	10.80843688	1.44259510	1.31982065	0.01928329	2.42366802	5.70168203	1.00000000	 
0.18372710	1.00000000	50.00000000	-0.08000000	0.72500000	0.00000000	3.14159265	2.01061930	13.23924538	1.60258207	1.37092219	0.02434660	2.56133200	6.40645360	1.00000000	 
0.16729872	1.00000000	50.00000000	-0.08000000	0.72500000	0.00000000	3.14159265	2.01061930	21.85004560	1.98716897	1.48785375	0.04045431	2.84536835	8.17326288	1.00000000	 
0.16260974	1.00000000	50.00000000	-0.08000000	0.72500000	0.00000000	3.14159265	2.01061930	26.53726446	2.12886090	1.52964370	0.04810170	2.93397141	8.83388883	1.00000000	 
0.15454297	1.00000000	50.00000000	-0.08000000	0.72500000	0.00000000	3.14159265	2.01061930	41.32541871	2.43130835	1.61819644	0.06838592	3.09508198	10.20974668	1.00000000	 
0.15222718	1.00000000	50.00000000	-0.08000000	0.72500000	0.00000000	3.14159265	2.01061930	48.95919620	2.53925347	1.64992956	0.07717380	3.14347431	10.67469191	1.00000000	 
0.14856617	1.00000000	50.00000000	-0.08000000	0.72500000	0.00000000	3.14159265	2.01061930	68.72254123	2.74315968	1.71066019	0.09646551	3.22201943	11.48923185	1.00000000	 
0.14682873	1.00000000	50.00000000	-0.08000000	0.72500000	0.00000000	3.14159265	2.01061930	84.72218420	2.86203646	1.74683517	0.10958254	3.26019810	11.91461231	1.00000000	 
0.14621394	1.00000000	50.00000000	-0.08000000	0.72500000	0.00000000	3.14159265	2.01061930	92.27424229	2.90926301	1.76142318	0.11522032	3.27385001	12.07175871	1.00000000	 
0.14516357	1.00000000	50.00000000	-0.08000000	0.72500000	0.00000000	3.14159265	2.01061930	108.75776516	2.99846922	1.78937929	0.12658594	3.29735113	12.34877157	1.00000000	 
0.14516357	1.00000000	50.00000000	-0.08000000	0.72500000	0.00000000	3.14159265	2.01061930	108.75776516	2.99846922	1.78937929	0.12658594	3.29735113	12.34877157	1.00000000	 
0.13897962	1.00000000	50.00000000	-0.08000000	0.75000000	0.00000000	3.14159265	2.01061930	121.66338171	3.49991696	1.95338701	0.22727990	2.97867018	25.06129276	1.00000000	 
0.90483742	1.00000000	50.00000000	-0.08000000	0.75000000	2.00000000	0.00000000	0.00000000	0.01522224	0.01485926	0.02939705	0.00000001	0.01169947	0.01365013	1.00000000	 
0.63857856	1.00000000	50.00000000	-0.08000000	0.75000000	2.00000000	0.00000000	0.00000000	0.27136374	0.19287872	0.33151983	0.00001328	0.19431973	0.24366497	1.00000000	 
0.36932917	1.00000000	50.00000000	-0.08000000	0.75000000	0.00000000	3.14159265	2.01061930	1.55403587	0.53337427	0.77561101	0.00104963	0.84482215	1.36960358	1.00000000	 
0.32668946	1.00000000	50.00000000	-0.08000000	0.75000000	0.00000000	3.14159265	2.01061930	2.13335798	0.61146779	0.86728695	0.00201801	1.04914855	1.85598513	1.00000000	 
0.24905505	1.00000000	50.00000000	-0.08000000	0.75000000	0.00000000	3.14159265	2.01061930	4.35607100	0.80742135	1.07978744	0.00730656	1.57441453	3.59146712	1.00000000	 
0.22679399	1.00000000	50.00000000	-0.08000000	0.75000000	0.00000000	3.14159265	2.01061930	5.70118514	0.97431837	1.16128381	0.01116240	1.77761782	4.54915589	1.00000000	 
0.19480180	1.00000000	50.00000000	-0.08000000	0.75000000	0.00000000	3.14159265	2.01061930	9.38602912	1.37910963	1.30737770	0.02258545	2.12883926	6.87207874	1.00000000	 
0.18360357	1.00000000	50.00000000	-0.08000000	0.75000000	0.00000000	3.14159265	2.01061930	11.80561249	1.57786111	1.37182417	0.03023121	2.27189168	8.19591652	1.00000000	 
0.17026409	1.00000000	50.00000000	-0.08000000	0.75000000	0.00000000	3.14159265	2.01061930	16.63630120	1.88043588	1.46519633	0.04509682	2.45850960	10.46251831	1.00000000	 
0.15675245	1.00000000	50.00000000	-0.08000000	0.75000000	0.00000000	3.14159265	2.01061930	27.23881641	2.31241672	1.59327779	0.07472829	2.66781220	14.19205983	1.00000000	 
0.15288900	1.00000000	50.00000000	-0.08000000	0.75000000	0.00000000	3.14159265	2.01061930	33.00741020	2.47660504	1.64146231	0.08908813	2.73177610	15.72844035	1.00000000	 
0.14686724	1.00000000	50.00000000	-0.08000000	0.75000000	0.00000000	3.14159265	2.01061930	48.68778114	2.79879882	1.73654501	0.12303493	2.83538260	18.82695619	1.00000000	 
0.14495958	1.00000000	50.00000000	-0.08000000	0.75000000	0.00000000	3.14159265	2.01061930	57.10903753	2.92671398	1.77480003	0.13881796	2.86923099	20.05301467	1.00000000	 
0.14141020	1.00000000	50.00000000	-0.08000000	0.75000000	0.00000000	3.14159265	2.01061930	83.63006509	3.22218991	1.86510772	0.18069803	2.93356592	22.77246172	1.00000000	 
0.14056492	1.00000000	50.00000000	-0.08000000	0.75000000	0.00000000	3.14159265	2.01061930	93.88624975	3.30909332	1.89232578	0.19450668	2.94915385	23.52294774	1.00000000	 
0.13897962	1.00000000	50.00000000	-0.08000000	0.75000000	0.00000000	3.14159265	2.01061930	121.66338171	3.49991696	1.95338701	0.22727990	2.97867018	25.06129276	1.00000000	 
0.13897962	1.00000000	50.00000000	-0.08000000	0.75000000	0.00000000	3.14159265	2.01061930	121.66338171	3.49991696	1.95338701	0.22727990	2.97867018	25.06129276	1.00000000	 
0.13671962	1.00000000	50.00000000	-0.08000000	0.77500000	0.00000000	3.14159265	2.63893783	121.82220147	3.65480031	2.01314349	0.31373417	2.61484665	59.21940484	1.00000000	 
0.90483742	1.00000000	50.00000000	-0.08000000	0.77500000	2.00000000	0.00000000	0.00000000	0.01506543	0.01471266	0.02908934	0.00000001	0.01119323	0.01429075	1.00000000	 
0.64317732	1.00000000	50.00000000	-0.08000000	0.77500000	2.00000000	0.00000000	0.00000000	0.25878388	0.18665587	0.32249769	0.00001555	0.17876413	0.24696150	1.00000000	 
0.37066609	1.00000000	50.00000000	-0.08000000	0.77500000	0.00000000	3.14159265	2.01061930	1.48384900	0.52777405	0.76801669	0.00118882	0.77420524	1.43562640	1.00000000	 
0.32744985	1.00000000	50.00000000	-0.08000000	0.77500000	0.00000000	3.14159265	2.01061930	2.02714060	0.60839989	0.85994178	0.00230697	0.95745839	1.96715784	1.00000000	 
0.25168627	1.00000000	50.00000000	-0.08000000	0.77500000	0.00000000	3.14159265	2.63893783	3.99415183	0.79665984	1.06363576	0.00807220	1.39954103	3.84223161	1.00000000	 
0.22985828	1.00000000	50.00000000	-0.08000000	0.77500000	0.00000000	3.14159265	2.63893783	5.15170047	0.90410242	1.13676425	0.01214792	1.56674399	4.91078105	1.00000000	 
0.21467364	1.00000000	50.00000000	-0.08000000	0.77500000	0.00000000	3.14159265	2.63893783	6.32357968	1.06063124	1.19804234	0.01654099	1.69697439	5.97209420	1.00000000	 
0.20049211	1.00000000	50.00000000	-0.08000000	0.77500000	0.00000000	3.14159265	2.63893783	7.89262916	1.24672607	1.26554969	0.02394844	1.83047090	7.36162200	1.00000000	 
0.18593399	1.00000000	50.00000000	-0.08000000	0.77500000	0.00000000	3.14159265	2.63893783	10.36619679	1.48122374	1.34481566	0.03390900	1.98092061	9.48205848	1.00000000	 
0.16259588	1.00000000	50.00000000	-0.08000000	0.77500000	0.00000000	3.14159265	2.63893783	19.22447804	2.03941380	1.51876351	0.06898667	2.25496506	16.43838411	1.00000000	 
0.15745219	1.00000000	50.00000000	-0.08000000	0.77500000	0.00000000	3.14159265	2.63893783	23.33496896	2.21724931	1.57199277	0.08434998	2.32147878	19.36515503	1.00000000	 
0.14837307	1.00000000	50.00000000	-0.08000000	0.77500000	0.00000000	3.14159265	2.63893783	36.72680909	2.63080618	1.69509771	0.12981753	2.44481026	27.80686552	1.00000000	 
0.14566830	1.00000000	50.00000000	-0.08000000	0.77500000	0.00000000	3.14159265	2.63893783	44.03790636	2.79396750	1.74400284	0.15194075	2.48307338	31.81867177	1.00000000	 
0.13985456	1.00000000	50.00000000	-0.08000000	0.77500000	0.00000000	3.14159265	2.63893783	75.72205975	3.26662323	1.88890088	0.23098469	2.56776239	45.66455341	1.00000000	 
0.13871995	1.00000000	50.00000000	-0.08000000	0.77500000	0.00000000	3.14159265	2.63893783	87.82116077	3.39078777	1.92805106	0.25565012	2.58468688	49.81526540	1.00000000	 
0.13671962	1.00000000	50.00000000	-0.08000000	0.77500000	0.00000000	3.14159265	2.63893783	121.82220147	3.65480031	2.01314349	0.31373417	2.61484665	59.21940484	1.00000000	 
0.13671962	1.00000000	50.00000000	-0.08000000	0.77500000	0.00000000	3.14159265	2.63893783	121.82220147	3.65480031	2.01314349	0.31373417	2.61484665	59.21940484	1.00000000	 
0.14237579	1.00000000	50.00000000	-0.08000000	0.80000000	0.00000000	3.14159265	2.63893783	111.61118564	2.98067838	1.81465647	0.22309362	2.21187274	71.96503200	1.00000000	 
0.90483742	1.00000000	50.00000000	-0.08000000	0.80000000	2.00000000	0.00000000	0.00000000	0.01477189	0.01443560	0.02869583	0.00000001	0.01058970	0.01466990	1.00000000	 
0.61479188	1.00000000	50.00000000	-0.08000000	0.80000000	2.00000000	0.00000000	0.00000000	0.30858195	0.21268835	0.36027637	0.00002787	0.19974763	0.30698653	1.00000000	 
0.40895483	1.00000000	50.00000000	-0.08000000	0.80000000	0.00000000	3.14159265	2.63893783	1.14871005	0.46780503	0.69142473	0.00073038	0.59096716	1.14123301	1.00000000	 
0.26609211	1.00000000	50.00000000	-0.08000000	0.80000000	0.00000000	3.14159265	2.63893783	3.55477528	0.74972966	1.01081166	0.00674205	1.17451112	3.49722239	1.00000000	 
0.24417620	1.00000000	50.00000000	-0.08000000	0.80000000	0.00000000	3.14159265	2.63893783	4.51775133	0.81375307	1.07931336	0.00996028	1.30800727	4.42486627	1.00000000	 
0.20612100	1.00000000	50.00000000	-0.08000000	0.80000000	0.00000000	3.14159265	2.63893783	7.67263291	1.13030895	1.22677051	0.02138763	1.58298937	7.40390743	1.00000000	 
0.19377986	1.00000000	50.00000000	-0.08000000	0.80000000	0.00000000	3.14159265	2.63893783	9.61559179	1.29890337	1.28703755	0.02853563	1.68622783	9.19429147	1.00000000	 
0.16984925	1.00000000	50.00000000	-0.08000000	0.80000000	0.00000000	3.14159265	2.63893783	17.56695044	1.76004953	1.43823020	0.05596020	1.91004518	16.19028612	1.00000000	 
0.16435940	1.00000000	50.00000000	-0.08000000	0.80000000	0.00000000	3.14159265	2.63893783	21.35336034	1.90741001	1.48401986	0.06774545	1.96626294	19.34589677	1.00000000	 
0.15282527	1.00000000	50.00000000	-0.08000000	0.80000000	0.00000000	3.14159265	2.63893783	37.80078809	2.31883586	1.60935890	0.11077344	2.09091131	31.89421806	1.00000000	 
0.15018420	1.00000000	50.00000000	-0.08000000	0.80000000	0.00000000	3.14159265	2.63893783	45.56848759	2.44497706	1.64769299	0.12753558	2.12074336	37.23897801	1.00000000	 
0.14671191	1.00000000	50.00000000	-0.08000000	0.80000000	0.00000000	3.14159265	2.63893783	62.08990854	2.64313250	1.70840119	0.15791371	2.16071934	47.55897875	1.00000000	 
0.14537650	1.00000000	50.00000000	-0.08000000	0.80000000	0.00000000	3.14159265	2.63893783	72.00833839	2.73316197	1.73630984	0.17352756	2.17632609	53.15507723	1.00000000	 
0.14237579	1.00000000	50.00000000	-0.08000000	0.80000000	0.00000000	3.14159265	2.63893783	111.61118564	2.98067838	1.81465647	0.22309362	2.21187274	71.96503200	1.00000000	 
0.14237579	1.00000000	50.00000000	-0.08000000	0.80000000	0.00000000	3.14159265	2.63893783	111.61118564	2.98067838	1.81465647	0.22309362	2.21187274	71.96503200	1.00000000	 
0.14550190	1.00000000	50.00000000	-0.08000000	0.82500000	0.00000000	3.14159265	2.63893783	118.53994242	2.61057587	1.72074920	0.19975872	1.92190441	89.80294241	1.00000000	 
0.90483742	1.00000000	50.00000000	-0.08000000	0.82500000	2.00000000	0.00000000	0.00000000	0.01483084	0.01449338	0.02823458	0.00000001	0.00991651	0.01482448	1.00000000	 
0.63099684	1.00000000	50.00000000	-0.08000000	0.82500000	2.00000000	0.00000000	0.00000000	0.27775551	0.19674655	0.33208157	0.00002110	0.16851879	0.27775551	1.00000000	 
0.35897840	1.00000000	50.00000000	-0.08000000	0.82500000	0.00000000	3.14159265	2.63893783	1.63441766	0.54453164	0.77664333	0.00167078	0.68737360	1.63215208	1.00000000	 
0.31896679	1.00000000	50.00000000	-0.08000000	0.82500000	0.00000000	3.14159265	2.63893783	2.22605640	0.61871555	0.86237491	0.00310173	0.82885638	2.22007420	1.00000000	 
0.25356864	1.00000000	50.00000000	-0.08000000	0.82500000	0.00000000	3.14159265	2.63893783	4.13868745	0.77274971	1.03455379	0.00900370	1.12793575	4.10818780	1.00000000	 
0.23432989	1.00000000	50.00000000	-0.08000000	0.82500000	0.00000000	3.14159265	2.63893783	5.22336385	0.83117081	1.09768953	0.01273937	1.23673726	5.17039617	1.00000000	 
0.20432246	1.00000000	50.00000000	-0.08000000	0.82500000	0.00000000	3.14159265	2.63893783	8.24338637	1.07007990	1.21620022	0.02333407	1.43074965	8.09486131	1.00000000	 
0.19001689	1.00000000	50.00000000	-0.08000000	0.82500000	0.00000000	3.14159265	2.63893783	10.98552274	1.26105267	1.28617452	0.03261158	1.53532806	10.70931664	1.00000000	 
0.16949455	1.00000000	50.00000000	-0.08000000	0.82500000	0.00000000	3.14159265	2.63893783	19.66926608	1.64504814	1.41534291	0.05850666	1.70116414	18.74102643	1.00000000	 
0.16470992	1.00000000	50.00000000	-0.08000000	0.82500000	0.00000000	3.14159265	2.63893783	23.81191068	1.76615185	1.45390248	0.06916441	1.74275438	22.44538875	1.00000000	 
0.15324149	1.00000000	50.00000000	-0.08000000	0.82500000	0.00000000	3.14159265	2.63893783	46.32632569	2.15473947	1.57532998	0.11458957	1.84730426	41.27177494	1.00000000	 
0.15104546	1.00000000	50.00000000	-0.08000000	0.82500000	0.00000000	3.14159265	2.63893783	56.17128030	2.25674173	1.60721431	0.13008282	1.86813266	48.87000235	1.00000000	 
0.14848771	1.00000000	50.00000000	-0.08000000	0.82500000	0.00000000	3.14159265	2.63893783	74.36164451	2.39704021	1.65150527	0.15446336	1.89272940	62.01114785	1.00000000	 
0.14743162	1.00000000	50.00000000	-0.08000000	0.82500000	0.00000000	3.14159265	2.63893783	85.71868728	2.46461161	1.67311428	0.16763569	1.90299231	69.67669664	1.00000000	 
0.14550190	1.00000000	50.00000000	-0.08000000	0.82500000	0.00000000	3.14159265	2.63893783	118.53994242	2.61057587	1.72074920	0.19975872	1.92190441	89.80294241	1.00000000	 
0.14550190	1.00000000	50.00000000	-0.08000000	0.82500000	0.00000000	3.14159265	2.63893783	118.53994242	2.61057587	1.72074920	0.19975872	1.92190441	89.80294241	1.00000000	 
0.14738294	1.00000000	50.00000000	-0.08000000	0.85000000	0.00000000	3.14159265	2.63893783	111.17479947	2.34455074	1.63840695	0.17239745	1.69198056	95.59394416	1.00000000	 
0.90483742	1.00000000	50.00000000	-0.08000000	0.85000000	2.00000000	0.00000000	0.00000000	0.01481660	0.01448138	0.02771374	0.00000001	0.00928600	0.01481413	1.00000000	 
0.65292316	1.00000000	50.00000000	-0.08000000	0.85000000	2.00000000	0.00000000	0.00000000	0.23820927	0.17589531	0.29750294	0.00001487	0.13657561	0.23820927	1.00000000	 
0.37759694	1.00000000	50.00000000	-0.08000000	0.85000000	0.00000000	3.14159265	3.14159265	1.42671787	0.51180346	0.73360923	0.00130576	0.57730461	1.42671787	1.00000000	 
0.31949728	1.00000000	50.00000000	-0.08000000	0.85000000	0.00000000	3.14159265	3.14159265	2.21160132	0.61313162	0.85208087	0.00314636	0.75386992	2.21160132	1.00000000	 
0.27853236	1.00000000	50.00000000	-0.08000000	0.85000000	0.00000000	3.14159265	2.63893783	3.18790902	0.70451002	0.95726246	0.00598114	0.90967338	3.18412027	1.00000000	 
0.23519117	1.00000000	50.00000000	-0.08000000	0.85000000	0.00000000	3.14159265	2.63893783	5.18763108	0.81980294	1.08379019	0.01252358	1.11177901	5.16629663	1.00000000	 
0.21967540	1.00000000	50.00000000	-0.08000000	0.85000000	0.00000000	3.14159265	2.63893783	6.45710098	0.89251190	1.13817881	0.01678066	1.19556744	6.41837527	1.00000000	 
0.19083595	1.00000000	50.00000000	-0.08000000	0.85000000	0.00000000	3.14159265	2.63893783	10.99147626	1.20636327	1.26095842	0.03119818	1.37065367	10.85205099	1.00000000	 
0.18235150	1.00000000	50.00000000	-0.08000000	0.85000000	0.00000000	3.14159265	2.63893783	13.57191840	1.33091366	1.30546951	0.03864919	1.42753649	13.34848621	1.00000000	 
0.16405497	1.00000000	50.00000000	-0.08000000	0.85000000	0.00000000	3.14159265	2.63893783	25.94539477	1.69318047	1.42709953	0.06805831	1.55957018	25.05780877	1.00000000	 
0.16041118	1.00000000	50.00000000	-0.08000000	0.85000000	0.00000000	3.14159265	2.63893783	31.36362763	1.79089314	1.45868574	0.07854298	1.58748403	30.05420512	1.00000000	 
0.15151431	1.00000000	50.00000000	-0.08000000	0.85000000	0.00000000	3.14159265	2.63893783	62.11485322	2.10899995	1.56081440	0.12367607	1.65802970	57.00781405	1.00000000	 
0.14979505	1.00000000	50.00000000	-0.08000000	0.85000000	0.00000000	3.14159265	2.63893783	76.19172990	2.19473328	1.58868264	0.13958097	1.67206424	68.60065263	1.00000000	 
0.14837913	1.00000000	50.00000000	-0.08000000	0.85000000	0.00000000	3.14159265	2.63893783	93.50808535	2.27718637	1.61585388	0.15678734	1.68372297	82.27240923	1.00000000	 
0.14738294	1.00000000	50.00000000	-0.08000000	0.85000000	0.00000000	3.14159265	2.63893783	111.17479947	2.34455074	1.63840695	0.17239745	1.69198056	95.59394416	1.00000000	 
0.14738294	1.00000000	50.00000000	-0.08000000	0.85000000	0.00000000	3.14159265	2.63893783	111.17479947	2.34455074	1.63840695	0.17239745	1.69198056	95.59394416	1.00000000	 
0.14856969	1.00000000	50.00000000	-0.08000000	0.87500000	0.00000000	3.14159265	2.63893783	107.86440743	2.04114497	1.57128958	0.15790745	1.50860412	98.19699036	1.00000000	 
0.90483742	1.00000000	50.00000000	-0.08000000	0.87500000	2.00000000	0.00000000	0.00000000	0.01470795	0.01437840	0.02714635	0.00000001	0.00868525	0.01469556	1.00000000	 
0.64300511	1.00000000	50.00000000	-0.08000000	0.87500000	2.00000000	0.00000000	0.00000000	0.25299908	0.18331700	0.30582904	0.00001850	0.13535152	0.25299908	1.00000000	 
0.36775416	1.00000000	50.00000000	-0.08000000	0.87500000	0.00000000	3.14159265	2.63893783	1.51453242	0.51760821	0.73950782	0.00153839	0.55481051	1.51386355	1.00000000	 
0.32673697	1.00000000	50.00000000	-0.08000000	0.87500000	0.00000000	3.14159265	2.63893783	2.06668736	0.58757770	0.82220673	0.00285316	0.66763269	2.06469489	1.00000000	 
0.26194235	1.00000000	50.00000000	-0.08000000	0.87500000	0.00000000	3.14159265	2.63893783	3.75362153	0.72375871	0.97889747	0.00788346	0.89355613	3.74410541	1.00000000	 
0.23481491	1.00000000	50.00000000	-0.08000000	0.87500000	0.00000000	3.14159265	2.63893783	5.18895961	0.79639257	1.06006517	0.01256373	1.01047220	5.16877847	1.00000000	 
0.19127472	1.00000000	50.00000000	-0.08000000	0.87500000	0.00000000	3.14159265	2.63893783	10.93808581	1.05777575	1.22813720	0.03024543	1.23428980	10.83774104	1.00000000	 
0.18329014	1.00000000	50.00000000	-0.08000000	0.87500000	0.00000000	3.14159265	2.63893783	13.35989830	1.16138307	1.26774439	0.03679284	1.28102220	13.20783390	1.00000000	 
0.16721820	1.00000000	50.00000000	-0.08000000	0.87500000	0.00000000	3.14159265	2.63893783	23.14109884	1.43150295	1.36462421	0.05887622	1.38121242	22.67382839	1.00000000	 
0.16321136	1.00000000	50.00000000	-0.08000000	0.87500000	0.00000000	3.14159265	2.63893783	28.03343706	1.51911209	1.39468292	0.06802946	1.40753742	27.34603617	1.00000000	 
0.15397832	1.00000000	50.00000000	-0.08000000	0.87500000	0.00000000	3.14159265	2.63893783	53.15468011	1.78481309	1.48404898	0.10445630	1.47035681	50.70665188	1.00000000	 
0.15219536	1.00000000	50.00000000	-0.08000000	0.87500000	0.00000000	3.14159265	2.63893783	63.94040840	1.85475251	1.50754077	0.11688112	1.48284353	60.42450656	1.00000000	 
0.14856969	1.00000000	50.00000000	-0.08000000	0.87500000	0.00000000	3.14159265	2.63893783	107.86440743	2.04114497	1.57128958	0.15790745	1.50860412	98.19699036	1.00000000	 
0.14856969	1.00000000	50.00000000	-0.08000000	0.87500000	0.00000000	3.14159265	2.63893783	107.86440743	2.04114497	1.57128958	0.15790745	1.50860412	98.19699036	1.00000000	 
0.14766983	1.00000000	50.00000000	-0.08000000	0.90000000	0.00000000	3.14159265	2.63893783	115.73418692	1.87559023	1.53180830	0.15606493	1.36478370	110.39614639	1.00000000	 
0.90483742	1.00000000	50.00000000	-0.08000000	0.90000000	2.00000000	0.00000000	0.00000000	0.01455700	0.01423487	0.02654900	0.00000001	0.00813451	0.01455402	1.00000000	 
0.65837747	1.00000000	50.00000000	-0.08000000	0.90000000	2.00000000	0.00000000	0.00000000	0.22462586	0.16736834	0.27969909	0.00001378	0.11456689	0.22441076	1.00000000	 
0.37873337	1.00000000	50.00000000	-0.08000000	0.90000000	0.00000000	3.14159265	2.63893783	1.38070712	0.49292749	0.70797861	0.00131574	0.48662591	1.37767364	1.00000000	 
0.33488237	1.00000000	50.00000000	-0.08000000	0.90000000	0.00000000	3.14159265	2.63893783	1.90749252	0.56346673	0.79254862	0.00250917	0.59153622	1.90256675	1.00000000	 
0.26605042	1.00000000	50.00000000	-0.08000000	0.90000000	0.00000000	3.14159265	2.63893783	3.52808362	0.69889382	0.95074014	0.00719960	0.80141083	3.51552740	1.00000000	 
0.23614071	1.00000000	50.00000000	-0.08000000	0.90000000	0.00000000	3.14159265	2.63893783	4.99854075	0.77362233	1.03565245	0.01186833	0.91486813	4.97691714	1.00000000	 
0.19088444	1.00000000	50.00000000	-0.08000000	0.90000000	0.00000000	3.14159265	2.63893783	10.75658470	0.96558084	1.20102432	0.02882307	1.12035795	10.68198208	1.00000000	 
0.18293233	1.00000000	50.00000000	-0.08000000	0.90000000	0.00000000	3.14159265	2.63893783	13.11973244	1.05769845	1.23815994	0.03484473	1.16142193	13.01579981	1.00000000	 
0.16690743	1.00000000	50.00000000	-0.08000000	0.90000000	0.00000000	3.14159265	2.63893783	22.62888789	1.29677963	1.32822189	0.05494819	1.24933714	22.36277177	1.00000000	 
0.16286988	1.00000000	50.00000000	-0.08000000	0.90000000	0.00000000	3.14159265	2.63893783	27.41944379	1.37488438	1.35622245	0.06332828	1.27263577	27.04554334	1.00000000	 
0.15361528	1.00000000	50.00000000	-0.08000000	0.90000000	0.00000000	3.14159265	2.63893783	51.82566091	1.61113957	1.43874162	0.09670746	1.32787860	50.63682190	1.00000000	 
0.15182845	1.00000000	50.00000000	-0.08000000	0.90000000	0.00000000	3.14159265	2.63893783	62.26066105	1.67378160	1.46047652	0.10823619	1.33884874	60.59074950	1.00000000	 
0.14844074	1.00000000	50.00000000	-0.08000000	0.90000000	0.00000000	3.14159265	2.63893783	99.95114534	1.82864530	1.51493820	0.14329836	1.35993179	95.90149657	1.00000000	 
0.14766983	1.00000000	50.00000000	-0.08000000	0.90000000	0.00000000	3.14159265	2.63893783	115.73418692	1.87559023	1.53180830	0.15606493	1.36478370	110.39614639	1.00000000	 
0.14766983	1.00000000	50.00000000	-0.08000000	0.90000000	0.00000000	3.14159265	2.63893783	115.73418692	1.87559023	1.53180830	0.15606493	1.36478370	110.39614639	1.00000000	 
0.14647905	1.00000000	50.00000000	-0.08000000	0.92500000	0.00000000	3.10478661	3.05273499	111.67675655	1.70846659	1.48784300	0.14702843	1.24294844	111.34854426	1.00000000	 
0.90483742	1.00000000	50.00000000	-0.08000000	0.92500000	2.00000000	0.00000000	0.00000000	0.01441418	0.01409879	0.02593777	0.00000001	0.00765385	0.01436117	1.00000000	 
0.61871055	1.00000000	50.00000000	-0.08000000	0.92500000	2.00000000	0.00000000	0.00000000	0.29139784	0.20224958	0.32791403	0.00003010	0.13690075	0.29044212	1.00000000	 
0.34171200	1.00000000	50.00000000	-0.08000000	0.92500000	0.00000000	3.14159265	2.63893783	1.77616495	0.54307087	0.76595030	0.00219115	0.53008642	1.76780825	1.00000000	 
0.30345533	1.00000000	50.00000000	-0.08000000	0.92500000	0.00000000	3.14159265	2.63893783	2.41995613	0.60937964	0.84506534	0.00387719	0.62582796	2.40788376	1.00000000	 
0.23937055	1.00000000	50.00000000	-0.08000000	0.92500000	0.00000000	3.14159265	2.63893783	4.66595171	0.74667199	1.00548801	0.01069328	0.82568903	4.64053366	1.00000000	 
0.22121639	1.00000000	50.00000000	-0.08000000	0.92500000	0.00000000	3.14159265	2.63893783	5.97095838	0.79539200	1.06112477	0.01470806	0.89347403	5.93789543	1.00000000	 
0.18953749	1.00000000	50.00000000	-0.08000000	0.92500000	0.00000000	3.14159265	2.63893783	10.63350589	0.90020847	1.17767658	0.02768756	1.02640643	10.57487183	1.00000000	 
0.18124614	1.00000000	50.00000000	-0.08000000	0.92500000	0.00000000	3.14159265	2.63893783	13.08652273	0.97566297	1.21456131	0.03363211	1.06463852	13.01584904	1.00000000	 
0.16458911	1.00000000	50.00000000	-0.08000000	0.92500000	0.00000000	3.14159265	2.63893783	23.33668637	1.20343040	1.30412797	0.05388265	1.14625771	23.23035858	1.00000000	 
0.16075226	1.00000000	50.00000000	-0.08000000	0.92500000	0.00000000	3.14159265	2.63893783	28.20353316	1.27230130	1.32977374	0.06177400	1.16602052	28.08890237	1.00000000	 
0.15275922	1.00000000	50.00000000	-0.08000000	0.92500000	0.00000000	3.14159265	2.63893783	48.90090850	1.45749792	1.39693572	0.08899556	1.20841616	48.81512116	1.00000000	 
0.15088550	1.00000000	50.00000000	-0.08000000	0.92500000	0.00000000	3.10478661	3.05273499	58.85900586	1.51554948	1.41775707	0.09986509	1.21860190	58.76014040	1.00000000	 
0.14736741	1.00000000	50.00000000	-0.08000000	0.92500000	0.00000000	3.10478661	3.05273499	94.68604666	1.65914461	1.46966998	0.13315170	1.23799358	94.44671150	1.00000000	 
0.14647905	1.00000000	50.00000000	-0.08000000	0.92500000	0.00000000	3.10478661	3.05273499	111.67675655	1.70846659	1.48784300	0.14702843	1.24294844	111.34854426	1.00000000	 
0.14647905	1.00000000	50.00000000	-0.08000000	0.92500000	0.00000000	3.10478661	3.05273499	111.67675655	1.70846659	1.48784300	0.14702843	1.24294844	111.34854426	1.00000000	 
0.14404938	1.00000000	50.00000000	-0.08000000	0.95000000	0.00000000	3.14159265	3.14159265	126.83165592	1.59797815	1.45998916	0.14827913	1.14331605	126.83165592	1.00000000	 
0.90483742	1.00000000	50.00000000	-0.08000000	0.95000000	2.00000000	0.00000000	0.00000000	0.01426410	0.01395344	0.02532016	0.00000001	0.00722259	0.01420415	1.00000000	 
0.62968083	1.00000000	50.00000000	-0.08000000	0.95000000	2.00000000	0.00000000	0.00000000	0.26737902	0.18984620	0.30710497	0.00002565	0.12049435	0.26615443	1.00000000	 
0.34952961	1.00000000	50.00000000	-0.08000000	0.95000000	0.00000000	3.14159265	2.63893783	1.64139337	0.52187139	0.73802120	0.00192571	0.47538580	1.63214164	1.00000000	 
0.31071103	1.00000000	50.00000000	-0.08000000	0.95000000	0.00000000	3.14159265	2.63893783	2.22309305	0.58514992	0.81457813	0.00337560	0.56120757	2.21077742	1.00000000	 
0.24796142	1.00000000	50.00000000	-0.08000000	0.95000000	0.00000000	3.14159265	2.63893783	4.07433488	0.70842908	0.96137008	0.00881309	0.73217889	4.05551706	1.00000000	 
0.22421957	1.00000000	50.00000000	-0.08000000	0.95000000	0.00000000	3.14159265	2.63893783	5.50226820	0.76607505	1.02873563	0.01313907	0.80977032	5.48239712	1.00000000	 
0.18502201	1.00000000	50.00000000	-0.08000000	0.95000000	0.00000000	2.99436846	2.78616202	11.15443245	0.88746702	1.16646038	0.02826860	0.95734378	11.14680426	1.00000000	 
0.17740920	1.00000000	50.00000000	-0.08000000	0.95000000	0.00000000	3.10478661	3.05273499	13.62349388	0.92184482	1.19964607	0.03383143	0.98921906	13.62103764	1.00000000	 
0.16262801	1.00000000	50.00000000	-0.08000000	0.95000000	0.00000000	3.10478661	3.05273499	23.13609357	1.10887428	1.27616312	0.05134700	1.05446403	23.13284773	1.00000000	 
0.15878505	1.00000000	50.00000000	-0.08000000	0.95000000	0.00000000	3.10478661	3.05273499	28.02764402	1.17146300	1.30042652	0.05877654	1.07219016	28.02458967	1.00000000	 
0.14960312	1.00000000	50.00000000	-0.08000000	0.95000000	0.00000000	3.10478661	3.05273499	55.08605426	1.37264720	1.37582786	0.09062973	1.11589479	55.08492425	1.00000000	 
0.14783145	1.00000000	50.00000000	-0.08000000	0.95000000	0.00000000	3.14159265	3.14159265	67.34075977	1.42809365	1.39632416	0.10225166	1.12455620	67.34075977	1.00000000	 
0.14404938	1.00000000	50.00000000	-0.08000000	0.95000000	0.00000000	3.14159265	3.14159265	126.83165592	1.59797815	1.45998916	0.14827913	1.14331605	126.83165592	1.00000000	 
0.14404938	1.00000000	50.00000000	-0.08000000	0.95000000	0.00000000	3.14159265	3.14159265	126.83165592	1.59797815	1.45998916	0.14827913	1.14331605	126.83165592	1.00000000	 
0.14189194	1.00000000	50.00000000	-0.08000000	0.97500000	0.00000000	3.14159265	3.01592895	125.25755461	1.44549080	1.41453820	0.13238540	1.05546307	122.05536037	1.00000000	 
0.90483742	1.00000000	50.00000000	-0.08000000	0.97500000	2.00000000	0.00000000	0.00000000	0.01411382	0.01380857	0.02470120	0.00000001	0.00682926	0.01408995	1.00000000	 
0.66420392	1.00000000	50.00000000	-0.08000000	0.97500000	2.00000000	0.00000000	0.00000000	0.20783022	0.15703898	0.25637397	0.00001383	0.09169731	0.20707652	1.00000000	 
0.37751131	1.00000000	50.00000000	-0.08000000	0.97500000	0.00000000	3.14159265	2.63893783	1.31624646	0.47261322	0.67532117	0.00122469	0.39307882	1.31131092	1.00000000	 
0.33229114	1.00000000	50.00000000	-0.08000000	0.97500000	0.00000000	3.14159265	2.63893783	1.82518343	0.53903329	0.75723085	0.00235609	0.47643074	1.81958107	1.00000000	 
0.25554341	1.00000000	50.00000000	-0.08000000	0.97500000	0.00000000	3.14159265	3.01592895	3.61790850	0.67534286	0.92245757	0.00743119	0.65610619	3.61175876	1.00000000	 
0.23504744	1.00000000	50.00000000	-0.08000000	0.97500000	0.00000000	3.14159265	3.01592895	4.58681391	0.71996217	0.97559703	0.01023694	0.71432826	4.57813475	1.00000000	 
0.19937343	1.00000000	50.00000000	-0.08000000	0.97500000	0.00000000	3.14159265	3.01592895	7.82410494	0.81245659	1.08387278	0.01928089	0.82858386	7.80426023	1.00000000	 
0.18892447	1.00000000	50.00000000	-0.08000000	0.97500000	0.00000000	3.14159265	3.01592895	9.62955532	0.84488574	1.12118007	0.02379895	0.86555439	9.60159710	1.00000000	 
0.16693561	1.00000000	50.00000000	-0.08000000	0.97500000	0.00000000	3.14159265	3.01592895	17.63814097	0.93600720	1.21450082	0.04008772	0.94924320	17.55837974	1.00000000	 
0.16199490	1.00000000	50.00000000	-0.08000000	0.97500000	0.00000000	3.14159265	3.01592895	21.42341430	0.99669414	1.24001581	0.04631082	0.96922550	21.31047415	1.00000000	 
0.15129085	1.00000000	50.00000000	-0.08000000	0.97500000	0.00000000	3.14159265	3.01592895	38.95462436	1.16662364	1.30786072	0.06876819	1.01411380	38.61417359	1.00000000	 
0.14899969	1.00000000	50.00000000	-0.08000000	0.97500000	0.00000000	3.14159265	3.01592895	46.96101765	1.21506412	1.32652569	0.07696214	1.02401833	46.47605042	1.00000000	 
0.14514327	1.00000000	50.00000000	-0.08000000	0.97500000	0.00000000	3.14159265	3.01592895	71.31416219	1.31712861	1.36542198	0.09775250	1.04093886	70.23632924	1.00000000	 
0.14387651	1.00000000	50.00000000	-0.08000000	0.97500000	0.00000000	3.14159265	3.01592895	85.76628953	1.36007724	1.38176639	0.10818421	1.04656792	84.22796546	1.00000000	 
0.14189194	1.00000000	50.00000000	-0.08000000	0.97500000	0.00000000	3.14159265	3.01592895	125.25755461	1.44549080	1.41453820	0.13238540	1.05546307	122.05536037	1.00000000	 
0.14189194	1.00000000	50.00000000	-0.08000000	0.97500000	0.00000000	3.14159265	3.01592895	125.25755461	1.44549080	1.41453820	0.13238540	1.05546307	122.05536037	1.00000000	 
