# 1lam 2Uhub 3beta 4tpri 5dens 6type(mag,char,swave,dwave) 7kx 8ky 9magmax 10chargemax 11swavemax 12dwavemax 13mag(0,0) 14mag(pi,pi)  15self(1=yes,0=no) + 
 0.00000614	1.00000000	50.00000000	-0.08000000	0.60000000	0.00000000	3.14159265	1.13097336	1.98847947	1.13969773	1.54579656	0.00306560	1.27134794	0.35274859	0.00000000	 
0.90483742	1.00000000	50.00000000	-0.08000000	0.60000000	2.00000000	0.00000000	0.00000000	0.01181674	0.01177392	0.02927491	0.00000000	0.01081534	0.00659152	0.00000000	 
0.69457936	1.00000000	50.00000000	-0.08000000	0.60000000	2.00000000	0.00000000	0.00000000	0.12238604	0.11840562	0.25852069	0.00000008	0.11092778	0.06463644	0.00000000	 
0.39822048	1.00000000	50.00000000	-0.08000000	0.60000000	2.00000000	0.00000000	0.00000000	0.49511700	0.43281645	0.73694059	0.00000740	0.42948994	0.21309943	0.00000000	 
0.22831019	1.00000000	50.00000000	-0.08000000	0.60000000	2.00000000	0.00000000	0.00000000	0.87705155	0.69079118	1.04664545	0.00007108	0.71491031	0.29658913	0.00000000	 
0.11811160	1.00000000	50.00000000	-0.08000000	0.60000000	2.00000000	0.00000000	0.00000000	1.26164916	0.88993538	1.26984141	0.00045019	0.95181752	0.33391083	0.00000000	 
0.01939432	1.00000000	50.00000000	-0.08000000	0.60000000	0.00000000	3.14159265	1.13097336	1.82699260	1.09500007	1.49614989	0.00221281	1.21272347	0.35111938	0.00000000	 
0.00190041	1.00000000	50.00000000	-0.08000000	0.60000000	0.00000000	3.14159265	1.13097336	1.97137016	1.13519128	1.54077965	0.00296718	1.26541986	0.35260990	0.00000000	 
0.00001393	1.00000000	50.00000000	-0.08000000	0.60000000	0.00000000	3.14159265	1.13097336	1.98840952	1.13967942	1.54577617	0.00306519	1.27132386	0.35274804	0.00000000	 
0.00000614	1.00000000	50.00000000	-0.08000000	0.60000000	0.00000000	3.14159265	1.13097336	1.98847947	1.13969773	1.54579656	0.00306560	1.27134794	0.35274859	0.00000000	 
0.00000614	1.00000000	50.00000000	-0.08000000	0.60000000	0.00000000	3.14159265	1.13097336	1.98847947	1.13969773	1.54579656	0.00306560	1.27134794	0.35274859	0.00000000	 
0.00000614	1.00000000	50.00000000	-0.08000000	0.62000000	0.00000000	3.14159265	2.01061930	3.17551499	1.20140085	1.58006316	0.00862644	1.42197768	0.43415684	0.00000000	 
0.90483742	1.00000000	50.00000000	-0.08000000	0.62000000	2.00000000	0.00000000	0.00000000	0.01266248	0.01259554	0.02947645	0.00000000	0.01119131	0.00741007	0.00000000	 
0.67361697	1.00000000	50.00000000	-0.08000000	0.62000000	2.00000000	0.00000000	0.00000000	0.15125122	0.14347074	0.29125597	0.00000017	0.13148941	0.08337668	0.00000000	 
0.36764797	1.00000000	50.00000000	-0.08000000	0.62000000	2.00000000	0.00000000	0.00000000	0.62220014	0.50365199	0.80189114	0.00004331	0.50068700	0.26915197	0.00000000	 
0.18928321	1.00000000	50.00000000	-0.08000000	0.62000000	0.00000000	3.14159265	2.01061930	1.20156084	0.79929204	1.14156631	0.00050542	0.85145119	0.37457549	0.00000000	 
0.05799634	1.00000000	50.00000000	-0.08000000	0.62000000	0.00000000	3.14159265	2.01061930	2.16590815	1.06368274	1.42994855	0.00330017	1.21387804	0.42340644	0.00000000	 
0.01050250	1.00000000	50.00000000	-0.08000000	0.62000000	0.00000000	3.14159265	2.01061930	2.92871049	1.17494996	1.55101056	0.00716058	1.38116892	0.43268612	0.00000000	 
0.00113338	1.00000000	50.00000000	-0.08000000	0.62000000	0.00000000	3.14159265	2.01061930	3.14661211	1.19847904	1.57684754	0.00845054	1.41745788	0.43400609	0.00000000	 
0.00000725	1.00000000	50.00000000	-0.08000000	0.62000000	0.00000000	3.14159265	2.01061930	3.17548691	1.20139804	1.58006006	0.00862626	1.42197332	0.43415670	0.00000000	 
0.00000614	1.00000000	50.00000000	-0.08000000	0.62000000	0.00000000	3.14159265	2.01061930	3.17551499	1.20140085	1.58006316	0.00862644	1.42197768	0.43415684	0.00000000	 
0.00000614	1.00000000	50.00000000	-0.08000000	0.62000000	0.00000000	3.14159265	2.01061930	3.17551499	1.20140085	1.58006316	0.00862644	1.42197768	0.43415684	0.00000000	 
0.00000614	1.00000000	50.00000000	-0.08000000	0.64000000	0.00000000	3.14159265	2.01061930	6.32651721	1.28147992	1.63573527	0.02723327	1.58098624	0.54966414	0.00000000	 
0.90483742	1.00000000	50.00000000	-0.08000000	0.64000000	2.00000000	0.00000000	0.00000000	0.01341660	0.01332759	0.02964324	0.00000000	0.01152156	0.00839446	0.00000000	 
0.67308796	1.00000000	50.00000000	-0.08000000	0.64000000	2.00000000	0.00000000	0.00000000	0.16239273	0.15202728	0.29416031	0.00000224	0.13643259	0.09545587	0.00000000	 
0.35940635	1.00000000	50.00000000	-0.08000000	0.64000000	2.00000000	0.00000000	0.00000000	0.71435006	0.54173922	0.82334078	0.00008720	0.53809589	0.32366117	0.00000000	 
0.19191091	1.00000000	50.00000000	-0.08000000	0.64000000	0.00000000	3.14159265	2.01061930	1.42084406	0.83269499	1.14768724	0.00101715	0.89797428	0.45338704	0.00000000	 
0.06883738	1.00000000	50.00000000	-0.08000000	0.64000000	0.00000000	3.14159265	2.01061930	2.88323987	1.09351890	1.42785689	0.00672153	1.28108821	0.52448976	0.00000000	 
0.02325032	1.00000000	50.00000000	-0.08000000	0.64000000	0.00000000	3.14159265	2.01061930	4.49153577	1.21072140	1.55590420	0.01542050	1.46934337	0.54233432	0.00000000	 
0.00325048	1.00000000	50.00000000	-0.08000000	0.64000000	0.00000000	3.14159265	2.01061930	5.98129810	1.27082308	1.62351916	0.02497191	1.56458581	0.54870045	0.00000000	 
0.00035693	1.00000000	50.00000000	-0.08000000	0.64000000	0.00000000	3.14159265	2.01061930	6.28699274	1.28030552	1.63438506	0.02697382	1.57918901	0.54956015	0.00000000	 
0.00000614	1.00000000	50.00000000	-0.08000000	0.64000000	0.00000000	3.14159265	2.01061930	6.32651721	1.28147992	1.63573527	0.02723327	1.58098624	0.54966414	0.00000000	 
0.00000614	1.00000000	50.00000000	-0.08000000	0.64000000	0.00000000	3.14159265	2.01061930	6.32651721	1.28147992	1.63573527	0.02723327	1.58098624	0.54966414	0.00000000	 
0.00000614	1.00000000	50.00000000	-0.08000000	0.66000000	0.00000000	3.14159265	2.01061930	31.65726502	1.47413555	1.87030235	0.24502668	1.76214409	0.73354449	0.00000000	 
0.90483742	1.00000000	50.00000000	-0.08000000	0.66000000	2.00000000	0.00000000	0.00000000	0.01406170	0.01396372	0.02979890	0.00000000	0.01180733	0.00938975	0.00000000	 
0.67042080	1.00000000	50.00000000	-0.08000000	0.66000000	2.00000000	0.00000000	0.00000000	0.17415903	0.16114184	0.29945369	0.00000384	0.14240104	0.10999662	0.00000000	 
0.35712320	1.00000000	50.00000000	-0.08000000	0.66000000	2.00000000	0.00000000	0.00000000	0.78978765	0.56592984	0.83379585	0.00020074	0.56379871	0.38535669	0.00000000	 
0.19023422	1.00000000	50.00000000	-0.08000000	0.66000000	0.00000000	3.14159265	2.01061930	1.68890757	0.86853873	1.16606444	0.00222251	0.95302788	0.56077627	0.00000000	 
0.07743239	1.00000000	50.00000000	-0.08000000	0.66000000	0.00000000	3.14159265	2.01061930	3.86401407	1.12599757	1.44234805	0.01439794	1.34633995	0.66627619	0.00000000	 
0.03504787	1.00000000	50.00000000	-0.08000000	0.66000000	0.00000000	3.14159265	2.01061930	7.29955668	1.25599929	1.58709124	0.06537674	1.54565533	0.70065698	0.00000000	 
0.01586356	1.00000000	50.00000000	-0.08000000	0.66000000	0.00000000	3.14159265	2.01061930	12.47992717	1.33998705	1.68758248	0.10766122	1.65311159	0.71637625	0.00000000	 
0.00597885	1.00000000	50.00000000	-0.08000000	0.66000000	0.00000000	3.14159265	2.01061930	19.96988026	1.40657921	1.77439795	0.16388720	1.71699120	0.72583674	0.00000000	 
0.00146393	1.00000000	50.00000000	-0.08000000	0.66000000	0.00000000	3.14159265	2.01061930	27.67957077	1.45373340	1.84050558	0.21804835	1.75032153	0.73136966	0.00000000	 
0.00024846	1.00000000	50.00000000	-0.08000000	0.66000000	0.00000000	3.14159265	2.01061930	30.91556031	1.47047258	1.86490191	0.24003587	1.76012310	0.73316215	0.00000000	 
0.00000614	1.00000000	50.00000000	-0.08000000	0.66000000	0.00000000	3.14159265	2.01061930	31.65726502	1.47413555	1.87030235	0.24502668	1.76214409	0.73354449	0.00000000	 
0.00000614	1.00000000	50.00000000	-0.08000000	0.66000000	0.00000000	3.14159265	2.01061930	31.65726502	1.47413555	1.87030235	0.24502668	1.76214409	0.73354449	0.00000000	 
0.02450900	1.00000000	50.00000000	-0.08000000	0.68000000	0.00000000	3.14159265	2.01061930	54.73406869	1.54749238	1.97492842	0.38557978	1.73308759	0.98136553	0.00000000	 
0.90483742	1.00000000	50.00000000	-0.08000000	0.68000000	2.00000000	0.00000000	0.00000000	0.01452028	0.01442686	0.02985865	0.00000000	0.01198148	0.01045260	0.00000000	 
0.67618767	1.00000000	50.00000000	-0.08000000	0.68000000	2.00000000	0.00000000	0.00000000	0.17446878	0.16051501	0.29147532	0.00000590	0.13977647	0.11936413	0.00000000	 
0.37239516	1.00000000	50.00000000	-0.08000000	0.68000000	2.00000000	0.00000000	0.00000000	0.79201746	0.55646527	0.81009244	0.00084449	0.54884357	0.43410691	0.00000000	 
0.19763080	1.00000000	50.00000000	-0.08000000	0.68000000	0.00000000	3.14159265	2.01061930	1.85093409	0.87977998	1.16348796	0.00430372	0.96550420	0.68575085	0.00000000	 
0.08291337	1.00000000	50.00000000	-0.08000000	0.68000000	0.00000000	3.14159265	2.01061930	5.13454880	1.16227591	1.46764647	0.02982448	1.38932259	0.86576732	0.00000000	 
0.06678959	1.00000000	50.00000000	-0.08000000	0.68000000	0.00000000	3.14159265	2.01061930	6.79318296	1.21610814	1.52818784	0.04446002	1.46696365	0.89195549	0.00000000	 
0.04809115	1.00000000	50.00000000	-0.08000000	0.68000000	0.00000000	3.14159265	2.01061930	10.96228822	1.29455147	1.62046861	0.08019713	1.56695439	0.92380160	0.00000000	 
0.04134406	1.00000000	50.00000000	-0.08000000	0.68000000	0.00000000	3.14159265	2.01061930	14.14844637	1.33230044	1.66733567	0.10610395	1.60691711	0.93633694	0.00000000	 
0.03686459	1.00000000	50.00000000	-0.08000000	0.68000000	0.00000000	3.14159265	2.01061930	17.57126986	1.36347691	1.70756366	0.13277525	1.63528670	0.94537778	0.00000000	 
0.03324958	1.00000000	50.00000000	-0.08000000	0.68000000	0.00000000	3.14159265	2.01061930	21.87507105	1.39504677	1.74983399	0.16496727	1.65978310	0.95343111	0.00000000	 
0.03030018	1.00000000	50.00000000	-0.08000000	0.68000000	0.00000000	3.14159265	2.01061930	27.38509912	1.42832996	1.79613286	0.20453607	1.68140184	0.96087260	0.00000000	 
0.02787009	1.00000000	50.00000000	-0.08000000	0.68000000	0.00000000	3.14159265	2.01061930	34.61217683	1.46503911	1.84918426	0.25439055	1.70096780	0.96805078	0.00000000	 
0.02602828	1.00000000	50.00000000	-0.08000000	0.68000000	0.00000000	3.14159265	2.01061930	43.32269996	1.50324703	1.90641091	0.31227676	1.71752353	0.97462299	0.00000000	 
0.02450900	1.00000000	50.00000000	-0.08000000	0.68000000	0.00000000	3.14159265	2.01061930	54.73406869	1.54749238	1.97492842	0.38557978	1.73308759	0.98136553	0.00000000	 
0.02450900	1.00000000	50.00000000	-0.08000000	0.68000000	0.00000000	3.14159265	2.01061930	54.73406869	1.54749238	1.97492842	0.38557978	1.73308759	0.98136553	0.00000000	 
0.04341844	1.00000000	50.00000000	-0.08000000	0.70000000	0.00000000	3.14159265	2.01061930	55.02026361	1.55030409	1.96361211	0.45655738	1.64544142	1.33132446	0.00000000	 
0.90483742	1.00000000	50.00000000	-0.08000000	0.70000000	2.00000000	0.00000000	0.00000000	0.01484487	0.01474135	0.02982052	0.00000000	0.01203773	0.01142641	0.00000000	 
0.65880395	1.00000000	50.00000000	-0.08000000	0.70000000	2.00000000	0.00000000	0.00000000	0.20002434	0.18099891	0.31811073	0.00001250	0.15627498	0.14714910	0.00000000	 
0.37632000	1.00000000	50.00000000	-0.08000000	0.70000000	0.00000000	3.14159265	2.01061930	0.81620638	0.56074566	0.80552473	0.00056541	0.54631782	0.49959985	0.00000000	 
0.19673163	1.00000000	50.00000000	-0.08000000	0.70000000	0.00000000	3.14159265	2.01061930	2.05676600	0.90276449	1.17697775	0.00651894	0.98020756	0.85537178	0.00000000	 
0.13710763	1.00000000	50.00000000	-0.08000000	0.70000000	0.00000000	3.14159265	2.01061930	3.31396434	1.04598852	1.32980071	0.01804350	1.18259851	1.00555515	0.00000000	 
0.11185910	1.00000000	50.00000000	-0.08000000	0.70000000	0.00000000	3.14159265	2.01061930	4.41845134	1.11680603	1.40652499	0.02999040	1.28243400	1.07616607	0.00000000	 
0.09351897	1.00000000	50.00000000	-0.08000000	0.70000000	0.00000000	3.14159265	2.01061930	5.82677120	1.17566767	1.47156768	0.04587513	1.36197874	1.13106640	0.00000000	 
0.07707695	1.00000000	50.00000000	-0.08000000	0.70000000	0.00000000	3.14159265	2.01061930	8.18216173	1.23839661	1.54294729	0.07214391	1.43976283	1.18394667	0.00000000	 
0.06662574	1.00000000	50.00000000	-0.08000000	0.70000000	0.00000000	3.14159265	2.01061930	11.05568301	1.28795187	1.60155941	0.10265158	1.49346222	1.22039842	0.00000000	 
0.05873798	1.00000000	50.00000000	-0.08000000	0.70000000	0.00000000	3.14159265	2.01061930	15.10483024	1.33590248	1.66079366	0.14275864	1.53728306	1.25050128	0.00000000	 
0.05422862	1.00000000	50.00000000	-0.08000000	0.70000000	0.00000000	3.14159265	2.01061930	19.15320005	1.37151571	1.70670065	0.18015218	1.56434290	1.26949044	0.00000000	 
0.05060797	1.00000000	50.00000000	-0.08000000	0.70000000	0.00000000	3.14159265	2.01061930	24.45336914	1.40854530	1.75639266	0.22609312	1.58782893	1.28640361	0.00000000	 
0.04807903	1.00000000	50.00000000	-0.08000000	0.70000000	0.00000000	3.14159265	2.01061930	30.35571537	1.44260589	1.80382384	0.27431877	1.60571730	1.29969764	0.00000000	 
0.04630370	1.00000000	50.00000000	-0.08000000	0.70000000	0.00000000	3.14159265	2.01061930	36.58203241	1.47365530	1.84847265	0.32274525	1.61942448	1.31022032	0.00000000	 
0.04476202	1.00000000	50.00000000	-0.08000000	0.70000000	0.00000000	3.14159265	2.01061930	44.54591828	1.50885729	1.90054281	0.38198949	1.63254490	1.32065159	0.00000000	 
0.04341844	1.00000000	50.00000000	-0.08000000	0.70000000	0.00000000	3.14159265	2.01061930	55.02026361	1.55030409	1.96361211	0.45655738	1.64544142	1.33132446	0.00000000	 
0.04341844	1.00000000	50.00000000	-0.08000000	0.70000000	0.00000000	3.14159265	2.01061930	55.02026361	1.55030409	1.96361211	0.45655738	1.64544142	1.33132446	0.00000000	 
0.05459682	1.00000000	50.00000000	-0.08000000	0.72000000	0.00000000	3.14159265	2.01061930	54.47937460	1.56785354	1.97705670	0.58113160	1.53461588	1.86232043	0.00000000	 
0.90483742	1.00000000	50.00000000	-0.08000000	0.72000000	2.00000000	0.00000000	0.00000000	0.01502580	0.01489573	0.02975460	0.00000001	0.01195728	0.01234818	0.00000000	 
0.64620422	1.00000000	50.00000000	-0.08000000	0.72000000	2.00000000	0.00000000	0.00000000	0.21950845	0.19594818	0.33722837	0.00002203	0.16705457	0.17348008	0.00000000	 
0.35242469	1.00000000	50.00000000	-0.08000000	0.72000000	0.00000000	3.14159265	2.01061930	0.93833498	0.60827758	0.85289211	0.00090113	0.58764416	0.62384357	0.00000000	 
0.18398020	1.00000000	50.00000000	-0.08000000	0.72000000	0.00000000	3.14159265	2.01061930	2.41175260	0.94763653	1.21912616	0.01230162	1.00494487	1.10669285	0.00000000	 
0.15223815	1.00000000	50.00000000	-0.08000000	0.72000000	0.00000000	3.14159265	2.01061930	3.16273346	1.02783989	1.30502253	0.02493338	1.10804503	1.23595291	0.00000000	 
0.12503217	1.00000000	50.00000000	-0.08000000	0.72000000	0.00000000	3.14159265	2.01061930	4.27722082	1.10562944	1.38933326	0.04149683	1.20537939	1.36358032	0.00000000	 
0.10959148	1.00000000	50.00000000	-0.08000000	0.72000000	0.00000000	3.14159265	2.01061930	5.33844382	1.15592852	1.44483088	0.05806371	1.26510034	1.44508532	0.00000000	 
0.09748285	1.00000000	50.00000000	-0.08000000	0.72000000	0.00000000	3.14159265	2.01061930	6.63164127	1.20054930	1.49498830	0.07829338	1.31464700	1.51498111	0.00000000	 
0.08773331	1.00000000	50.00000000	-0.08000000	0.72000000	0.00000000	3.14159265	2.01061930	8.24937566	1.24174898	1.54231373	0.10298707	1.35662666	1.57611099	0.00000000	 
0.07979527	1.00000000	50.00000000	-0.08000000	0.72000000	0.00000000	3.14159265	2.01061930	10.31173240	1.28094310	1.58847227	0.13308801	1.39253591	1.63002566	0.00000000	 
0.07326702	1.00000000	50.00000000	-0.08000000	0.72000000	0.00000000	3.14159265	2.01061930	13.00612852	1.31954900	1.63526857	0.17004766	1.42363161	1.67810810	0.00000000	 
0.06784952	1.00000000	50.00000000	-0.08000000	0.72000000	0.00000000	3.14159265	2.01061930	16.64257439	1.35919124	1.68493305	0.21627725	1.45098834	1.72162830	0.00000000	 
0.06394681	1.00000000	50.00000000	-0.08000000	0.72000000	0.00000000	3.14159265	2.01061930	20.87677512	1.39535833	1.73184551	0.26571887	1.47204941	1.75597042	0.00000000	 
0.05923539	1.00000000	50.00000000	-0.08000000	0.72000000	0.00000000	3.14159265	2.01061930	30.22947232	1.45625471	1.81449879	0.36421544	1.50015958	1.80297742	0.00000000	 
0.05741220	1.00000000	50.00000000	-0.08000000	0.72000000	0.00000000	3.14159265	2.01061930	36.61686466	1.48988698	1.86207741	0.42550534	1.51244098	1.82393545	0.00000000	 
0.05591081	1.00000000	50.00000000	-0.08000000	0.72000000	0.00000000	3.14159265	2.01061930	44.36261653	1.52587458	1.91438753	0.49533465	1.52360509	1.84318966	0.00000000	 
0.05459682	1.00000000	50.00000000	-0.08000000	0.72000000	0.00000000	3.14159265	2.01061930	54.47937460	1.56785354	1.97705670	0.58113160	1.53461588	1.86232043	0.00000000	 
0.05459682	1.00000000	50.00000000	-0.08000000	0.72000000	0.00000000	3.14159265	2.01061930	54.47937460	1.56785354	1.97705670	0.58113160	1.53461588	1.86232043	0.00000000	 
0.06034154	1.00000000	50.00000000	-0.08000000	0.74000000	0.00000000	3.14159265	2.01061930	50.79182773	1.59431275	2.00049503	0.77734916	1.40149008	2.72456630	0.00000000	 
0.90483742	1.00000000	50.00000000	-0.08000000	0.74000000	2.00000000	0.00000000	0.00000000	0.01507410	0.01494329	0.02960550	0.00000001	0.01174169	0.01314061	0.00000000	 
0.65036393	1.00000000	50.00000000	-0.08000000	0.74000000	2.00000000	0.00000000	0.00000000	0.21522571	0.19237726	0.32963285	0.00000972	0.15979968	0.18240190	0.00000000	 
0.37928402	1.00000000	50.00000000	-0.08000000	0.74000000	0.00000000	3.14159265	2.01061930	0.83992613	0.56436645	0.80068673	0.00072344	0.52160223	0.63795913	0.00000000	 
0.20089228	1.00000000	50.00000000	-0.08000000	0.74000000	0.00000000	3.14159265	2.01061930	2.20342934	0.91672403	1.18344817	0.01290310	0.91646654	1.27568349	0.00000000	 
0.16777014	1.00000000	50.00000000	-0.08000000	0.74000000	0.00000000	3.14159265	2.01061930	2.86625212	0.99957511	1.27226539	0.02367495	1.01039045	1.46987350	0.00000000	 
0.13525581	1.00000000	50.00000000	-0.08000000	0.74000000	0.00000000	3.14159265	2.01061930	4.01117574	1.09302911	1.37345724	0.05594005	1.11090165	1.70952404	0.00000000	 
0.10748360	1.00000000	50.00000000	-0.08000000	0.74000000	0.00000000	3.14159265	2.01061930	6.05192500	1.19060151	1.48165120	0.10250288	1.20457217	1.97369693	0.00000000	 
0.09208205	1.00000000	50.00000000	-0.08000000	0.74000000	0.00000000	3.14159265	2.01061930	8.44601254	1.25936577	1.56047627	0.15662061	1.26050221	2.15681227	0.00000000	 
0.08320045	1.00000000	50.00000000	-0.08000000	0.74000000	0.00000000	3.14159265	2.01061930	10.96967837	1.30887676	1.61904950	0.21036674	1.29457106	2.28009710	0.00000000	 
0.07657970	1.00000000	50.00000000	-0.08000000	0.74000000	0.00000000	3.14159265	2.01061930	14.14530294	1.35468743	1.67492853	0.27281466	1.32127859	2.38376686	0.00000000	 
0.07178417	1.00000000	50.00000000	-0.08000000	0.74000000	0.00000000	3.14159265	2.01061930	17.93222459	1.39640635	1.72745526	0.34076610	1.34174161	2.46741834	0.00000000	 
0.06817410	1.00000000	50.00000000	-0.08000000	0.74000000	0.00000000	3.14159265	2.01061930	22.49275120	1.43625360	1.77922575	0.41513574	1.35816725	2.53695809	0.00000000	 
0.06543053	1.00000000	50.00000000	-0.08000000	0.74000000	0.00000000	3.14159265	2.01061930	27.91575077	1.47507350	1.83122165	0.49551400	1.37161630	2.59511971	0.00000000	 
0.06324808	1.00000000	50.00000000	-0.08000000	0.74000000	0.00000000	3.14159265	2.01061930	34.57557666	1.51515418	1.88656886	0.58537426	1.38331221	2.64609978	0.00000000	 
0.06170089	1.00000000	50.00000000	-0.08000000	0.74000000	0.00000000	3.14159265	2.01061930	41.64369416	1.55202395	1.93894713	0.67287777	1.39247745	2.68593151	0.00000000	 
0.06034154	1.00000000	50.00000000	-0.08000000	0.74000000	0.00000000	3.14159265	2.01061930	50.79182773	1.59431275	2.00049503	0.77734916	1.40149008	2.72456630	0.00000000	 
0.06034154	1.00000000	50.00000000	-0.08000000	0.74000000	0.00000000	3.14159265	2.01061930	50.79182773	1.59431275	2.00049503	0.77734916	1.40149008	2.72456630	0.00000000	 
0.06068690	1.00000000	50.00000000	-0.08000000	0.76000000	0.00000000	3.14159265	2.01061930	51.49122959	1.67006988	2.09466911	1.15506327	1.26497503	4.32290671	0.00000000	 
0.90483742	1.00000000	50.00000000	-0.08000000	0.76000000	2.00000000	0.00000000	0.00000000	0.01502752	0.01488131	0.02938939	0.00000001	0.01137975	0.01376711	0.00000000	 
0.66638394	1.00000000	50.00000000	-0.08000000	0.76000000	2.00000000	0.00000000	0.00000000	0.19427720	0.17490887	0.30286913	0.00000550	0.14075425	0.17516250	0.00000000	 
0.35070750	1.00000000	50.00000000	-0.08000000	0.76000000	0.00000000	3.14159265	2.01061930	0.96087297	0.61285233	0.85432955	0.00128000	0.54936688	0.79088714	0.00000000	 
0.18457190	1.00000000	50.00000000	-0.08000000	0.76000000	0.00000000	3.14159265	2.01061930	2.49966618	0.96100267	1.23117569	0.02285776	0.90084429	1.65739035	0.00000000	 
0.15460389	1.00000000	50.00000000	-0.08000000	0.76000000	0.00000000	3.14159265	2.01061930	3.25953453	1.04349868	1.32045440	0.04173201	0.97765495	1.95499710	0.00000000	 
0.13176831	1.00000000	50.00000000	-0.08000000	0.76000000	0.00000000	3.14159265	2.01061930	4.21441609	1.11597231	1.39996478	0.06951093	1.03941813	2.25187989	0.00000000	 
0.09188400	1.00000000	50.00000000	-0.08000000	0.76000000	0.00000000	3.14159265	2.01061930	8.59025353	1.28745343	1.59508962	0.21274391	1.15493317	3.04515023	0.00000000	 
0.08480750	1.00000000	50.00000000	-0.08000000	0.76000000	0.00000000	3.14159265	2.01061930	10.55743700	1.33162298	1.64757808	0.27593692	1.17679054	3.25069310	0.00000000	 
0.07890585	1.00000000	50.00000000	-0.08000000	0.76000000	0.00000000	3.14159265	2.01061930	13.06928334	1.37589749	1.70135702	0.35273650	1.19558203	3.44747546	0.00000000	 
0.07394633	1.00000000	50.00000000	-0.08000000	0.76000000	0.00000000	3.14159265	2.01061930	16.36112460	1.42158423	1.75822253	0.44657113	1.21200024	3.63593921	0.00000000	 
0.06974986	1.00000000	50.00000000	-0.08000000	0.76000000	0.00000000	3.14159265	2.01061930	20.82679763	1.47046575	1.82071768	0.56278240	1.22663240	3.81701127	0.00000000	 
0.06675360	1.00000000	50.00000000	-0.08000000	0.76000000	0.00000000	3.14159265	2.01061930	25.90124269	1.51525972	1.87955689	0.68166489	1.23778918	3.96235194	0.00000000	 
0.06193486	1.00000000	50.00000000	-0.08000000	0.76000000	0.00000000	3.14159265	2.01061930	42.76332437	1.62513052	2.03037809	1.01029194	1.25844443	4.23827822	0.00000000	 
0.06068690	1.00000000	50.00000000	-0.08000000	0.76000000	0.00000000	3.14159265	2.01061930	51.49122959	1.67006988	2.09466911	1.15506327	1.26497503	4.32290671	0.00000000	 
0.06068690	1.00000000	50.00000000	-0.08000000	0.76000000	0.00000000	3.14159265	2.01061930	51.49122959	1.67006988	2.09466911	1.15506327	1.26497503	4.32290671	0.00000000	 
0.05595120	1.00000000	50.00000000	-0.08000000	0.78000000	0.00000000	3.14159265	2.01061930	52.40494909	1.80788387	2.27129391	2.24986287	1.12654889	8.14110890	0.00000000	 
0.90483742	1.00000000	50.00000000	-0.08000000	0.78000000	2.00000000	0.00000000	0.00000000	0.01486021	0.01472127	0.02912336	0.00000001	0.01097219	0.01422230	0.00000000	 
0.65266930	1.00000000	50.00000000	-0.08000000	0.78000000	2.00000000	0.00000000	0.00000000	0.20942732	0.18764769	0.32187633	0.00001270	0.14634573	0.19847754	0.00000000	 
0.33554923	1.00000000	50.00000000	-0.08000000	0.78000000	0.00000000	3.14159265	2.01061930	1.01582796	0.63596953	0.87991646	0.00252528	0.54229658	0.91355496	0.00000000	 
0.17251200	1.00000000	50.00000000	-0.08000000	0.78000000	0.00000000	3.14159265	2.01061930	2.66300455	0.99112120	1.26485437	0.03545673	0.85380944	2.09623453	0.00000000	 
0.14457169	1.00000000	50.00000000	-0.08000000	0.78000000	0.00000000	3.14159265	2.01061930	3.45425324	1.07458322	1.35614576	0.06394861	0.91491748	2.55256594	0.00000000	 
0.12115664	1.00000000	50.00000000	-0.08000000	0.78000000	0.00000000	3.14159265	2.01061930	4.57435894	1.15817193	1.44914850	0.11616777	0.96760636	3.10649114	0.00000000	 
0.09570171	1.00000000	50.00000000	-0.08000000	0.78000000	0.00000000	3.14159265	2.01061930	7.05954426	1.27747083	1.58582333	0.24543665	1.02634203	4.05940435	0.00000000	 
0.08484566	1.00000000	50.00000000	-0.08000000	0.78000000	0.00000000	3.14159265	2.01061930	9.14526671	1.32614667	1.64072001	0.36481765	1.04775915	4.64782088	0.00000000	 
0.07522108	1.00000000	50.00000000	-0.08000000	0.78000000	0.00000000	3.14159265	2.01061930	12.56221553	1.40930509	1.74306634	0.55739646	1.07165154	5.38845615	0.00000000	 
0.06685090	1.00000000	50.00000000	-0.08000000	0.78000000	0.00000000	3.14159265	2.01061930	18.69316465	1.51331515	1.87453474	0.88668220	1.09316217	6.27922136	0.00000000	 
0.06374139	1.00000000	50.00000000	-0.08000000	0.78000000	0.00000000	3.14159265	2.01061930	22.86851513	1.56703539	1.94410900	1.09379889	1.10158592	6.70110799	0.00000000	 
0.06106669	1.00000000	50.00000000	-0.08000000	0.78000000	0.00000000	3.14159265	2.01061930	28.33258574	1.62553240	2.02125181	1.34492000	1.10924110	7.12075952	0.00000000	 
0.05897726	1.00000000	50.00000000	-0.08000000	0.78000000	0.00000000	3.14159265	2.01061930	34.85990473	1.68412256	2.09999928	1.61904768	1.11568720	7.49583649	0.00000000	 
0.05728264	1.00000000	50.00000000	-0.08000000	0.78000000	0.00000000	3.14159265	2.01061930	42.89510577	1.74540128	2.18397225	1.92457142	1.12144534	7.83936762	0.00000000	 
0.05595120	1.00000000	50.00000000	-0.08000000	0.78000000	0.00000000	3.14159265	2.01061930	52.40494909	1.80788387	2.27129391	2.24986287	1.12654889	8.14110890	0.00000000	 
0.05595120	1.00000000	50.00000000	-0.08000000	0.78000000	0.00000000	3.14159265	2.01061930	52.40494909	1.80788387	2.27129391	2.24986287	1.12654889	8.14110890	0.00000000	 
0.04763642	1.00000000	50.00000000	-0.08000000	0.80000000	0.00000000	3.14159265	2.01061930	52.36377581	2.34758739	2.90803885	10.37015304	0.99816005	28.94260448	0.00000000	 
0.90483742	1.00000000	50.00000000	-0.08000000	0.80000000	2.00000000	0.00000000	0.00000000	0.01462421	0.01449404	0.02880016	0.00000001	0.01048709	0.01451095	0.00000000	 
0.59413866	1.00000000	50.00000000	-0.08000000	0.80000000	2.00000000	0.00000000	0.00000000	0.28801827	0.24890476	0.41167641	0.00004662	0.18979398	0.28500854	0.00000000	 
0.29798576	1.00000000	50.00000000	-0.08000000	0.80000000	0.00000000	3.14159265	2.01061930	1.17869605	0.69853465	0.95033422	0.00506114	0.56271665	1.15303806	0.00000000	 
0.14945251	1.00000000	50.00000000	-0.08000000	0.80000000	0.00000000	3.14159265	2.01061930	3.02215466	1.05125287	1.33388940	0.07036445	0.81636578	2.87027174	0.00000000	 
0.12494357	1.00000000	50.00000000	-0.08000000	0.80000000	0.00000000	3.14159265	2.01061930	3.89615348	1.13801052	1.42966891	0.13965622	0.86044452	3.64833846	0.00000000	 
0.10445389	1.00000000	50.00000000	-0.08000000	0.80000000	0.00000000	3.14159265	2.01061930	5.12831991	1.22970706	1.53275894	0.24375798	0.89711401	4.70942998	0.00000000	 
0.09171861	1.00000000	50.00000000	-0.08000000	0.80000000	0.00000000	3.14159265	2.01061930	6.38893062	1.30320798	1.61707290	0.37140889	0.91971740	5.75456141	0.00000000	 
0.08225248	1.00000000	50.00000000	-0.08000000	0.80000000	0.00000000	3.14159265	2.01061930	7.83034259	1.37286444	1.69836439	0.53871231	0.93637884	6.90329132	0.00000000	 
0.06644882	1.00000000	50.00000000	-0.08000000	0.80000000	0.00000000	3.14159265	2.01061930	12.67173482	1.55125480	1.91149446	1.22517271	0.96375419	10.44637739	0.00000000	 
0.06202469	1.00000000	50.00000000	-0.08000000	0.80000000	0.00000000	3.14159265	2.01061930	15.37549662	1.63185570	2.00995522	1.67242873	0.97142130	12.24217858	0.00000000	 
0.05829538	1.00000000	50.00000000	-0.08000000	0.80000000	0.00000000	3.14159265	2.01061930	18.77815551	1.72216625	2.12141167	2.28642979	0.97792907	14.34365780	0.00000000	 
0.05572439	1.00000000	50.00000000	-0.08000000	0.80000000	0.00000000	3.14159265	2.01061930	22.18330264	1.80412137	2.22298562	2.94975049	0.98247856	16.29089938	0.00000000	 
0.05350759	1.00000000	50.00000000	-0.08000000	0.80000000	0.00000000	3.14159265	2.01061930	26.31772565	1.89521211	2.33637629	3.81223991	0.98648320	18.47233184	0.00000000	 
0.05158798	1.00000000	50.00000000	-0.08000000	0.80000000	0.00000000	3.14159265	2.01061930	31.40721307	1.99755619	2.46455319	4.94985064	0.99005827	20.91964273	0.00000000	 
0.05003857	1.00000000	50.00000000	-0.08000000	0.80000000	0.00000000	3.14159265	2.01061930	37.23897629	2.10473209	2.59955934	6.34544542	0.99306775	23.44910220	0.00000000	 
0.04868393	1.00000000	50.00000000	-0.08000000	0.80000000	0.00000000	3.14159265	2.01061930	44.47795492	2.22631799	2.75357351	8.20211691	0.99585025	26.24806774	0.00000000	 
0.04763642	1.00000000	50.00000000	-0.08000000	0.80000000	0.00000000	3.14159265	2.01061930	52.36377581	2.34758739	2.90803885	10.37015304	0.99816005	28.94260448	0.00000000	 
0.04763642	1.00000000	50.00000000	-0.08000000	0.80000000	0.00000000	3.14159265	2.01061930	52.36377581	2.34758739	2.90803885	10.37015304	0.99816005	28.94260448	0.00000000	 
0.05426708	1.00000000	50.00000000	-0.08000000	0.82000000	0.00000000	3.14159265	2.63893783	57.92522959	1.98041705	2.43218715	4.84493270	0.87191076	51.68317674	0.00000000	 
0.90483742	1.00000000	50.00000000	-0.08000000	0.82000000	2.00000000	0.00000000	0.00000000	0.01467330	0.01454118	0.02842918	0.00000000	0.00996703	0.01465372	0.00000000	 
0.66771290	1.00000000	50.00000000	-0.08000000	0.82000000	2.00000000	0.00000000	0.00000000	0.18802751	0.17016060	0.29292431	0.00001255	0.12048826	0.18776783	0.00000000	 
0.43256225	1.00000000	50.00000000	-0.08000000	0.82000000	2.00000000	0.00000000	0.00000000	0.64027125	0.46592551	0.68220392	0.00071935	0.34539285	0.63894515	0.00000000	 
0.22332187	1.00000000	50.00000000	-0.08000000	0.82000000	0.00000000	3.14159265	2.63893783	1.82797039	0.85160345	1.11049028	0.01865280	0.62730872	1.81976538	0.00000000	 
0.17159210	1.00000000	50.00000000	-0.08000000	0.82000000	0.00000000	3.14159265	2.63893783	2.64618517	0.98200113	1.25155733	0.04804261	0.70406779	2.62951164	0.00000000	 
0.13009824	1.00000000	50.00000000	-0.08000000	0.82000000	0.00000000	3.14159265	2.63893783	3.99689627	1.11541634	1.39800709	0.12028622	0.76536629	3.95971671	0.00000000	 
0.10890883	1.00000000	50.00000000	-0.08000000	0.82000000	0.00000000	3.14159265	2.63893783	5.37647605	1.20546068	1.49878499	0.21487979	0.79594030	5.31024598	0.00000000	 
0.09698120	1.00000000	50.00000000	-0.08000000	0.82000000	0.00000000	3.14159265	2.63893783	6.67611911	1.26969615	1.57171718	0.31652739	0.81277302	6.57524607	0.00000000	 
0.08500247	1.00000000	50.00000000	-0.08000000	0.82000000	0.00000000	3.14159265	2.63893783	8.83442011	1.35236257	1.66702806	0.50223123	0.82934144	8.66081182	0.00000000	 
0.07822481	1.00000000	50.00000000	-0.08000000	0.82000000	0.00000000	3.14159265	2.63893783	10.83151248	1.41309916	1.73797224	0.68541257	0.83853413	10.57413283	0.00000000	 
0.07258823	1.00000000	50.00000000	-0.08000000	0.82000000	0.00000000	3.14159265	2.63893783	13.35960535	1.47673252	1.81312187	0.92566840	0.84609935	12.97400088	0.00000000	 
0.06786342	1.00000000	50.00000000	-0.08000000	0.82000000	0.00000000	3.14159265	2.63893783	16.63395589	1.54493141	1.89450629	1.24279235	0.85241156	16.04634310	0.00000000	 
0.06420690	1.00000000	50.00000000	-0.08000000	0.82000000	0.00000000	3.14159265	2.63893783	20.55257196	1.61276675	1.97624243	1.62299007	0.85731590	19.67134956	0.00000000	 
0.06108479	1.00000000	50.00000000	-0.08000000	0.82000000	0.00000000	3.14159265	2.63893783	25.75433340	1.68757707	2.06724799	2.12009193	0.86157209	24.39883424	0.00000000	 
0.05876852	1.00000000	50.00000000	-0.08000000	0.82000000	0.00000000	3.14159265	2.63893783	31.73059681	1.75927218	2.15531184	2.67377589	0.86483291	29.71544239	0.00000000	 
0.05700817	1.00000000	50.00000000	-0.08000000	0.82000000	0.00000000	3.14159265	2.63893783	38.54048707	1.82830514	2.24087227	3.27824754	0.86742690	35.63002535	0.00000000	 
0.05546898	1.00000000	50.00000000	-0.08000000	0.82000000	0.00000000	3.14159265	2.63893783	47.45601899	1.90469817	2.33646142	4.02619290	0.86984718	43.15262736	0.00000000	 
0.05426708	1.00000000	50.00000000	-0.08000000	0.82000000	0.00000000	3.14159265	2.63893783	57.92522959	1.98041705	2.43218715	4.84493270	0.87191076	51.68317674	0.00000000	 
0.05426708	1.00000000	50.00000000	-0.08000000	0.82000000	0.00000000	3.14159265	2.63893783	57.92522959	1.98041705	2.43218715	4.84493270	0.87191076	51.68317674	0.00000000	 
0.06053581	1.00000000	50.00000000	-0.08000000	0.84000000	0.00000000	3.14159265	3.14159265	50.93457110	1.74526463	2.13679068	2.59178114	0.77158901	50.93457110	0.00000000	 
0.90483742	1.00000000	50.00000000	-0.08000000	0.84000000	2.00000000	0.00000000	0.00000000	0.01468151	0.01454891	0.02802534	0.00000000	0.00945171	0.01468151	0.00000000	 
0.63881450	1.00000000	50.00000000	-0.08000000	0.84000000	2.00000000	0.00000000	0.00000000	0.22564485	0.19877447	0.33212756	0.00002228	0.13416139	0.22564485	0.00000000	 
0.31472293	1.00000000	50.00000000	-0.08000000	0.84000000	0.00000000	3.14159265	3.14159265	1.13114693	0.66043079	0.89732230	0.00449271	0.45983246	1.13114693	0.00000000	 
0.15505365	1.00000000	50.00000000	-0.08000000	0.84000000	0.00000000	3.14159265	3.14159265	3.23366029	1.02231218	1.28981956	0.06869748	0.66108216	3.23366029	0.00000000	 
0.13204337	1.00000000	50.00000000	-0.08000000	0.84000000	0.00000000	3.14159265	3.14159265	4.18947815	1.09854545	1.37342484	0.11573231	0.68920563	4.18947815	0.00000000	 
0.11552692	1.00000000	50.00000000	-0.08000000	0.84000000	0.00000000	3.14159265	3.14159265	5.30489026	1.16408515	1.44617931	0.17796093	0.70882941	5.30489026	0.00000000	 
0.10247127	1.00000000	50.00000000	-0.08000000	0.84000000	0.00000000	3.14159265	3.14159265	6.71778783	1.22676930	1.51665325	0.26347347	0.72391797	6.71778783	0.00000000	 
0.09198757	1.00000000	50.00000000	-0.08000000	0.84000000	0.00000000	3.14159265	3.14159265	8.55325831	1.28879404	1.58733965	0.38014246	0.73573975	8.55325831	0.00000000	 
0.08399261	1.00000000	50.00000000	-0.08000000	0.84000000	0.00000000	3.14159265	3.14159265	10.81927381	1.34788091	1.65561595	0.52696591	0.74459154	10.81927381	0.00000000	 
0.07757935	1.00000000	50.00000000	-0.08000000	0.84000000	0.00000000	3.14159265	3.14159265	13.76013199	1.40779298	1.72570555	0.71602942	0.75160668	13.76013199	0.00000000	 
0.07292143	1.00000000	50.00000000	-0.08000000	0.84000000	0.00000000	3.14159265	3.14159265	17.16568374	1.46284651	1.79096671	0.92846218	0.75671436	17.16568374	0.00000000	 
0.06916230	1.00000000	50.00000000	-0.08000000	0.84000000	0.00000000	3.14159265	3.14159265	21.47132066	1.51890092	1.85828189	1.18430178	0.76090873	21.47132066	0.00000000	 
0.06631755	1.00000000	50.00000000	-0.08000000	0.84000000	0.00000000	3.14159265	3.14159265	26.51962330	1.57256006	1.92320020	1.46573575	0.76416789	26.51962330	0.00000000	 
0.06189039	1.00000000	50.00000000	-0.08000000	0.84000000	0.00000000	3.14159265	3.14159265	41.88332449	1.69255362	2.06982936	2.21368529	0.76961041	41.88332449	0.00000000	 
0.06053581	1.00000000	50.00000000	-0.08000000	0.84000000	0.00000000	3.14159265	3.14159265	50.93457110	1.74526463	2.13679068	2.59178114	0.77158901	50.93457110	0.00000000	 
0.06053581	1.00000000	50.00000000	-0.08000000	0.84000000	0.00000000	3.14159265	3.14159265	50.93457110	1.74526463	2.13679068	2.59178114	0.77158901	50.93457110	0.00000000	 
0.05841046	1.00000000	50.00000000	-0.08000000	0.86000000	0.00000000	3.14159265	3.14159265	51.51659334	1.63967918	1.98748915	1.88147067	0.68342797	51.51659334	0.00000000	 
0.90483742	1.00000000	50.00000000	-0.08000000	0.86000000	2.00000000	0.00000000	0.00000000	0.01464552	0.01451271	0.02758780	0.00000000	0.00895685	0.01464552	0.00000000	 
0.62310407	1.00000000	50.00000000	-0.08000000	0.86000000	2.00000000	0.00000000	0.00000000	0.24701057	0.21700368	0.35370779	0.00003246	0.13742637	0.24701057	0.00000000	 
0.32621078	1.00000000	50.00000000	-0.08000000	0.86000000	0.00000000	3.14159265	3.14159265	1.05898004	0.64010224	0.86024095	0.00371393	0.40840396	1.05898004	0.00000000	 
0.16522571	1.00000000	50.00000000	-0.08000000	0.86000000	0.00000000	3.14159265	3.14159265	2.87934802	0.97706127	1.21548335	0.04980783	0.58018922	2.87934802	0.00000000	 
0.13834175	1.00000000	50.00000000	-0.08000000	0.86000000	0.00000000	3.14159265	3.14159265	3.78727069	1.05514749	1.29830460	0.08620294	0.60730797	3.78727069	0.00000000	 
0.09079285	1.00000000	50.00000000	-0.08000000	0.86000000	0.00000000	3.14159265	3.14159265	8.37941383	1.24976838	1.51229575	0.30947973	0.65224815	8.37941383	0.00000000	 
0.08345864	1.00000000	50.00000000	-0.08000000	0.86000000	0.00000000	3.14159265	3.14159265	10.32038739	1.29537657	1.56504076	0.40628969	0.65890260	10.32038739	0.00000000	 
0.07729667	1.00000000	50.00000000	-0.08000000	0.86000000	0.00000000	3.14159265	3.14159265	12.82606319	1.34190228	1.61952877	0.52785498	0.66446432	12.82606319	0.00000000	 
0.07034286	1.00000000	50.00000000	-0.08000000	0.86000000	0.00000000	3.14159265	3.14159265	17.69753342	1.40972766	1.70022966	0.74975232	0.67079721	17.69753342	0.00000000	 
0.06665265	1.00000000	50.00000000	-0.08000000	0.86000000	0.00000000	3.14159265	3.14159265	22.18844787	1.45719925	1.75770973	0.93752088	0.67427639	22.18844787	0.00000000	 
0.06382637	1.00000000	50.00000000	-0.08000000	0.86000000	0.00000000	3.14159265	3.14159265	27.55793365	1.50293643	1.81394015	1.14327567	0.67708297	27.55793365	0.00000000	 
0.06163966	1.00000000	50.00000000	-0.08000000	0.86000000	0.00000000	3.14159265	3.14159265	33.92107676	1.54739287	1.86945730	1.36467064	0.67942044	33.92107676	0.00000000	 
0.05978693	1.00000000	50.00000000	-0.08000000	0.86000000	0.00000000	3.14159265	3.14159265	42.18485479	1.59498984	1.92986078	1.62252998	0.68160286	42.18485479	0.00000000	 
0.05841046	1.00000000	50.00000000	-0.08000000	0.86000000	0.00000000	3.14159265	3.14159265	51.51659334	1.63967918	1.98748915	1.88147067	0.68342797	51.51659334	0.00000000	 
0.05841046	1.00000000	50.00000000	-0.08000000	0.86000000	0.00000000	3.14159265	3.14159265	51.51659334	1.63967918	1.98748915	1.88147067	0.68342797	51.51659334	0.00000000	 
0.06254655	1.00000000	50.00000000	-0.08000000	0.88000000	0.00000000	3.07876080	3.07876080	53.79587072	1.58769552	1.95292541	1.61970793	0.63545419	53.58920705	0.00000000	 
0.90483742	1.00000000	50.00000000	-0.08000000	0.88000000	2.00000000	0.00000000	0.00000000	0.01453054	0.01440159	0.02712298	0.00000000	0.00849338	0.01452182	0.00000000	 
0.66731897	1.00000000	50.00000000	-0.08000000	0.88000000	2.00000000	0.00000000	0.00000000	0.18760547	0.16802609	0.28148347	0.00001434	0.10171119	0.18755611	0.00000000	 
0.35702523	1.00000000	50.00000000	-0.08000000	0.88000000	0.00000000	3.07876080	3.07876080	0.92210242	0.57272240	0.79205366	0.00229336	0.35457368	0.92195782	0.00000000	 
0.17917358	1.00000000	50.00000000	-0.08000000	0.88000000	0.00000000	3.07876080	3.07876080	2.65656089	0.92387769	1.17528603	0.03810346	0.53161034	2.65587080	0.00000000	 
0.15009937	1.00000000	50.00000000	-0.08000000	0.88000000	0.00000000	3.07876080	3.07876080	3.50607040	1.00195312	1.26002546	0.06690960	0.55890185	3.50494830	0.00000000	 
0.13091837	1.00000000	50.00000000	-0.08000000	0.88000000	0.00000000	3.07876080	3.07876080	4.41565929	1.06156844	1.32525422	0.10166151	0.57617968	4.41395701	0.00000000	 
0.11599970	1.00000000	50.00000000	-0.08000000	0.88000000	0.00000000	3.07876080	3.07876080	5.51848787	1.11520536	1.38451100	0.14658878	0.58913560	5.51592065	0.00000000	 
0.10403214	1.00000000	50.00000000	-0.08000000	0.88000000	0.00000000	3.07876080	3.07876080	6.89571173	1.16555193	1.44075923	0.20437841	0.59919999	6.89181777	0.00000000	 
0.09432072	1.00000000	50.00000000	-0.08000000	0.88000000	0.00000000	3.07876080	3.07876080	8.64796682	1.21408561	1.49567225	0.27805062	0.60716382	8.64199169	0.00000000	 
0.08635804	1.00000000	50.00000000	-0.08000000	0.88000000	0.00000000	3.07876080	3.07876080	10.93096179	1.26221965	1.55094080	0.37190658	0.61360306	10.92161861	0.00000000	 
0.07976803	1.00000000	50.00000000	-0.08000000	0.88000000	0.00000000	3.07876080	3.07876080	14.00001951	1.31154343	1.60853408	0.49244879	0.61894119	13.98498584	0.00000000	 
0.07519727	1.00000000	50.00000000	-0.08000000	0.88000000	0.00000000	3.07876080	3.07876080	17.40039195	1.35428420	1.65929255	0.61807239	0.62271815	17.37750787	0.00000000	 
0.07035070	1.00000000	50.00000000	-0.08000000	0.88000000	0.00000000	3.07876080	3.07876080	23.46361796	1.41307895	1.73052587	0.82347804	0.62692409	23.42273487	0.00000000	 
0.06770480	1.00000000	50.00000000	-0.08000000	0.88000000	0.00000000	3.07876080	3.07876080	28.99573734	1.45544684	1.78295872	0.99343977	0.62941812	28.93399247	0.00000000	 
0.06556897	1.00000000	50.00000000	-0.08000000	0.88000000	0.00000000	3.07876080	3.07876080	35.82710588	1.49894917	1.83782442	1.18515950	0.63164085	35.73379688	0.00000000	 
0.06391512	1.00000000	50.00000000	-0.08000000	0.88000000	0.00000000	3.07876080	3.07876080	43.83535932	1.54198675	1.89311292	1.38955489	0.63358740	43.69693784	0.00000000	 
0.06254655	1.00000000	50.00000000	-0.08000000	0.88000000	0.00000000	3.07876080	3.07876080	53.79587072	1.58769552	1.95292541	1.61970793	0.63545419	53.58920705	0.00000000	 
0.06254655	1.00000000	50.00000000	-0.08000000	0.88000000	0.00000000	3.07876080	3.07876080	53.79587072	1.58769552	1.95292541	1.61970793	0.63545419	53.58920705	0.00000000	 
0.06128450	1.00000000	50.00000000	-0.08000000	0.90000000	0.00000000	3.14159265	2.63893783	59.81233988	1.55809445	1.92506985	1.48544757	0.58848958	56.35707327	0.00000000	 
0.90483742	1.00000000	50.00000000	-0.08000000	0.90000000	2.00000000	0.00000000	0.00000000	0.01441785	0.01429156	0.02664019	0.00000000	0.00806080	0.01441510	0.00000000	 
0.65560154	1.00000000	50.00000000	-0.08000000	0.90000000	2.00000000	0.00000000	0.00000000	0.20062611	0.17751363	0.29352793	0.00001757	0.10304840	0.20049034	0.00000000	 
0.32592846	1.00000000	50.00000000	-0.08000000	0.90000000	0.00000000	3.14159265	2.63893783	1.06962783	0.61619653	0.83776423	0.00362126	0.36083089	1.06799631	0.00000000	 
0.16203342	1.00000000	50.00000000	-0.08000000	0.90000000	0.00000000	3.14159265	2.63893783	3.09428695	0.94859922	1.19975343	0.04842882	0.50815812	3.08294358	0.00000000	 
0.13701355	1.00000000	50.00000000	-0.08000000	0.90000000	0.00000000	3.14159265	2.63893783	4.06591013	1.01821883	1.27575836	0.07985071	0.52861509	4.04683898	0.00000000	 
0.12016084	1.00000000	50.00000000	-0.08000000	0.90000000	0.00000000	3.14159265	2.63893783	5.13351705	1.07264576	1.33565319	0.11692808	0.54179479	5.10371259	0.00000000	 
0.10677324	1.00000000	50.00000000	-0.08000000	0.90000000	0.00000000	3.14159265	2.63893783	6.47539746	1.12293891	1.39160552	0.16483031	0.55189233	6.42880232	0.00000000	 
0.09600458	1.00000000	50.00000000	-0.08000000	0.90000000	0.00000000	3.14159265	2.63893783	8.19589235	1.17078227	1.44551578	0.22610240	0.55978932	8.12243930	0.00000000	 
0.08724460	1.00000000	50.00000000	-0.08000000	0.90000000	0.00000000	3.14159265	2.63893783	10.45909441	1.21776733	1.49927903	0.30449454	0.56611625	10.34127332	0.00000000	 
0.08004616	1.00000000	50.00000000	-0.08000000	0.90000000	0.00000000	3.14159265	2.63893783	13.53925985	1.26565569	1.55511094	0.40586988	0.57133599	13.34473213	0.00000000	 
0.07456321	1.00000000	50.00000000	-0.08000000	0.90000000	0.00000000	3.14159265	2.63893783	17.47084230	1.31210853	1.61039068	0.52660108	0.57542778	17.15148456	0.00000000	 
0.07116208	1.00000000	50.00000000	-0.08000000	0.90000000	0.00000000	3.14159265	2.63893783	21.32245968	1.34846088	1.65452205	0.63668699	0.57810296	20.85200307	0.00000000	 
0.06823391	1.00000000	50.00000000	-0.08000000	0.90000000	0.00000000	3.14159265	2.63893783	26.33176612	1.38760754	1.70296981	0.76987757	0.58058135	25.62290314	0.00000000	 
0.06598209	1.00000000	50.00000000	-0.08000000	0.90000000	0.00000000	3.14159265	2.63893783	32.15233993	1.42581583	1.75119989	0.91318250	0.58268742	31.10812729	0.00000000	 
0.06410345	1.00000000	50.00000000	-0.08000000	0.90000000	0.00000000	3.14159265	2.63893783	39.43729639	1.46663387	1.80376126	1.07886535	0.58468048	37.88702257	0.00000000	 
0.06260400	1.00000000	50.00000000	-0.08000000	0.90000000	0.00000000	3.14159265	2.63893783	48.15884994	1.50889640	1.85923543	1.26162438	0.58653136	45.87980866	0.00000000	 
0.06128450	1.00000000	50.00000000	-0.08000000	0.90000000	0.00000000	3.14159265	2.63893783	59.81233988	1.55809445	1.92506985	1.48544757	0.58848958	56.35707327	0.00000000	 
0.06128450	1.00000000	50.00000000	-0.08000000	0.90000000	0.00000000	3.14159265	2.63893783	59.81233988	1.55809445	1.92506985	1.48544757	0.58848958	56.35707327	0.00000000	 
0.90483742	1.00000000	50.00000000	-0.08000000	0.92000000	2.00000000	0.00000000	0.00000000	0.01430601	0.01418622	0.02614947	0.00000000	0.00767741	0.01425456	0.00000000	 
0.64562140	1.00000000	50.00000000	-0.08000000	0.92000000	2.00000000	0.00000000	0.00000000	0.21194119	0.18556859	0.30301120	0.00002331	0.10342368	0.21138741	0.00000000	 
0.33933392	1.00000000	50.00000000	-0.08000000	0.92000000	0.00000000	3.14159265	2.63893783	0.99722284	0.58508311	0.80002267	0.00287276	0.32818218	0.99224658	0.00000000	 
0.16340223	1.00000000	50.00000000	-0.08000000	0.92000000	0.00000000	3.14159265	2.63893783	3.05078478	0.92598600	1.17269281	0.04284266	0.47393993	3.01151762	0.00000000	 
0.13857676	1.00000000	50.00000000	-0.08000000	0.92000000	0.00000000	3.14159265	2.63893783	3.98414621	0.99138468	1.24410452	0.06917452	0.49248831	3.91796146	0.00000000	 
0.12150266	1.00000000	50.00000000	-0.08000000	0.92000000	0.00000000	3.14159265	2.63893783	5.02055945	1.04290781	1.30086698	0.10017701	0.50468677	4.91633635	0.00000000	 
0.10614814	1.00000000	50.00000000	-0.08000000	0.92000000	0.00000000	3.14159265	2.63893783	6.53625422	1.09679045	1.36092263	0.14631224	0.51524428	6.36125463	0.00000000	 
0.09399535	1.00000000	50.00000000	-0.08000000	0.92000000	0.00000000	3.14159265	2.63893783	8.57987577	1.14801410	1.41890358	0.20741322	0.52335628	8.28165264	0.00000000	 
0.08425214	1.00000000	50.00000000	-0.08000000	0.92000000	0.00000000	3.14159265	2.63893783	11.45171937	1.19891729	1.47766569	0.29199721	0.52979426	10.92810934	0.00000000	 
0.07459092	1.00000000	50.00000000	-0.08000000	0.92000000	0.00000000	3.14159265	2.63893783	17.16510838	1.26714743	1.55850255	0.44033336	0.53633859	16.02070483	0.00000000	 
0.07106306	1.00000000	50.00000000	-0.08000000	0.92000000	0.00000000	3.14159265	2.63893783	21.00365288	1.30091536	1.59949035	0.53066860	0.53889163	19.32027478	0.00000000	 
0.06803088	1.00000000	50.00000000	-0.08000000	0.92000000	0.00000000	3.14159265	2.63893783	26.01305697	1.33715053	1.64436131	0.63975468	0.54126030	23.48782999	0.00000000	 
0.06567196	1.00000000	50.00000000	-0.08000000	0.92000000	0.00000000	3.14159265	2.63893783	31.95198813	1.37296099	1.68961243	0.75882723	0.54330138	28.23743082	0.00000000	 
0.06567196	1.00000000	50.00000000	-0.08000000	0.92000000	0.00000000	3.14159265	2.63893783	31.95198813	1.37296099	1.68961243	0.75882723	0.54330138	28.23743082	0.00000000	 
0.06042583	1.00000000	50.00000000	-0.08000000	0.94000000	0.00000000	3.14159265	2.63893783	53.12769765	1.41810421	1.75696180	0.95091558	0.51387342	39.40429810	0.00000000	 
0.90483742	1.00000000	50.00000000	-0.08000000	0.94000000	2.00000000	0.00000000	0.00000000	0.01419108	0.01407128	0.02565676	0.00000001	0.00731614	0.01414423	0.00000000	 
0.62369268	1.00000000	50.00000000	-0.08000000	0.94000000	2.00000000	0.00000000	0.00000000	0.23974258	0.20576054	0.32922344	0.00004101	0.11045672	0.23873934	0.00000000	 
0.33804979	1.00000000	50.00000000	-0.08000000	0.94000000	0.00000000	3.14159265	2.63893783	0.99646683	0.57722776	0.78951378	0.00280719	0.31050201	0.98862172	0.00000000	 
0.17928565	1.00000000	50.00000000	-0.08000000	0.94000000	0.00000000	3.14159265	2.63893783	2.62328706	0.86863469	1.10915420	0.02957186	0.43314559	2.57692642	0.00000000	 
0.14936216	1.00000000	50.00000000	-0.08000000	0.94000000	0.00000000	3.14159265	2.63893783	3.48637007	0.93935833	1.18614963	0.05027904	0.45430851	3.40577073	0.00000000	 
0.12502407	1.00000000	50.00000000	-0.08000000	0.94000000	0.00000000	3.14159265	2.63893783	4.70631655	1.00579164	1.25908539	0.08195039	0.47063208	4.56132074	0.00000000	 
0.09174759	1.00000000	50.00000000	-0.08000000	0.94000000	0.00000000	3.14159265	2.63893783	8.87359477	1.12460306	1.39241031	0.19064469	0.49158121	8.37409139	0.00000000	 
0.08455844	1.00000000	50.00000000	-0.08000000	0.94000000	0.00000000	3.14159265	2.63893783	10.96261337	1.15976081	1.43298464	0.24162533	0.49598890	10.21123694	0.00000000	 
0.07927296	1.00000000	50.00000000	-0.08000000	0.94000000	0.00000000	3.14159265	2.63893783	13.25935411	1.19027656	1.46877948	0.29470276	0.49927104	12.17733700	0.00000000	 
0.07479911	1.00000000	50.00000000	-0.08000000	0.94000000	0.00000000	3.14159265	2.63893783	16.12210857	1.22098200	1.50539566	0.35693091	0.50212637	14.55303120	0.00000000	 
0.07098893	1.00000000	50.00000000	-0.08000000	0.94000000	0.00000000	3.14159265	2.63893783	19.76137486	1.25269410	1.54390798	0.43073520	0.50467585	17.45984286	0.00000000	 
0.06772600	1.00000000	50.00000000	-0.08000000	0.94000000	0.00000000	3.14159265	2.63893783	24.50650074	1.28645327	1.58572753	0.51970655	0.50702190	21.07258074	0.00000000	 
0.06523474	1.00000000	50.00000000	-0.08000000	0.94000000	0.00000000	3.14159265	2.63893783	30.01781402	1.31895253	1.62683314	0.61486658	0.50899879	25.03697324	0.00000000	 
0.06317414	1.00000000	50.00000000	-0.08000000	0.94000000	0.00000000	3.14159265	2.63893783	36.88819671	1.35313856	1.67094572	0.72387361	0.51084363	29.66325154	0.00000000	 
0.06171243	1.00000000	50.00000000	-0.08000000	0.94000000	0.00000000	3.14159265	2.63893783	44.04662062	1.38387163	1.71132651	0.82851268	0.51234124	34.14895913	0.00000000	 
0.06042583	1.00000000	50.00000000	-0.08000000	0.94000000	0.00000000	3.14159265	2.63893783	53.12769765	1.41810421	1.75696180	0.95091558	0.51387342	39.40429810	0.00000000	 
0.06042583	1.00000000	50.00000000	-0.08000000	0.94000000	0.00000000	3.14159265	2.63893783	53.12769765	1.41810421	1.75696180	0.95091558	0.51387342	39.40429810	0.00000000	 
0.05729685	1.00000000	50.00000000	-0.08000000	0.96000000	0.00000000	3.14159265	2.63893783	60.30975748	1.39192387	1.74241849	0.91621872	0.48295137	40.96542742	0.00000000	 
0.90483742	1.00000000	50.00000000	-0.08000000	0.96000000	2.00000000	0.00000000	0.00000000	0.01407500	0.01395512	0.02515277	0.00000001	0.00699984	0.01401242	0.00000000	 
0.65739160	1.00000000	50.00000000	-0.08000000	0.96000000	2.00000000	0.00000000	0.00000000	0.19421142	0.17071805	0.27667253	0.00001975	0.08800916	0.19326571	0.00000000	 
0.37437905	1.00000000	50.00000000	-0.08000000	0.96000000	0.00000000	3.14159265	2.63893783	0.83066324	0.51400773	0.71422110	0.00177367	0.26789191	0.82373695	0.00000000	 
0.19084639	1.00000000	50.00000000	-0.08000000	0.96000000	0.00000000	3.14159265	2.63893783	2.35409009	0.82312119	1.06128965	0.02234429	0.39952682	2.30928845	0.00000000	 
0.15659726	1.00000000	50.00000000	-0.08000000	0.96000000	0.00000000	3.14159265	2.63893783	3.17137156	0.89643626	1.14238502	0.03838939	0.42190079	3.09167032	0.00000000	 
0.11176657	1.00000000	50.00000000	-0.08000000	0.96000000	0.00000000	3.14159265	2.63893783	5.58995386	1.01339497	1.27314477	0.09451015	0.44898571	5.34899673	0.00000000	 
0.09735979	1.00000000	50.00000000	-0.08000000	0.96000000	0.00000000	3.14159265	2.63893783	7.35632938	1.06164204	1.32808480	0.13560136	0.45712701	6.94518027	0.00000000	 
0.08860596	1.00000000	50.00000000	-0.08000000	0.96000000	0.00000000	3.14159265	2.63893783	9.09809485	1.09630669	1.36813095	0.17453711	0.46198520	8.47802066	0.00000000	 
0.08140254	1.00000000	50.00000000	-0.08000000	0.96000000	0.00000000	3.14159265	2.63893783	11.29883941	1.12990163	1.40751690	0.22127769	0.46598395	10.35918819	0.00000000	 
0.07542154	1.00000000	50.00000000	-0.08000000	0.96000000	0.00000000	3.14159265	2.63893783	14.14103885	1.16345246	1.44755009	0.27789720	0.46937334	12.70174027	0.00000000	 
0.07041532	1.00000000	50.00000000	-0.08000000	0.96000000	0.00000000	3.14159265	2.63893783	17.91938424	1.19819955	1.48982914	0.34764184	0.47233863	15.67434028	0.00000000	 
0.06661629	1.00000000	50.00000000	-0.08000000	0.96000000	0.00000000	3.14159265	2.63893783	22.48621086	1.23153479	1.53124025	0.42520128	0.47475634	19.06901818	0.00000000	 
0.06370385	1.00000000	50.00000000	-0.08000000	0.96000000	0.00000000	3.14159265	2.63893783	27.95684331	1.26412180	1.57256185	0.51056622	0.47679881	22.87678047	0.00000000	 
0.06169336	1.00000000	50.00000000	-0.08000000	0.96000000	0.00000000	3.14159265	2.63893783	33.60796379	1.29253302	1.60928557	0.59200110	0.47838005	26.54402898	0.00000000	 
0.06003117	1.00000000	50.00000000	-0.08000000	0.96000000	0.00000000	3.14159265	2.63893783	40.35919147	1.32191912	1.64792063	0.68219315	0.47986135	30.60949548	0.00000000	 
0.05857352	1.00000000	50.00000000	-0.08000000	0.96000000	0.00000000	3.14159265	2.63893783	48.99736640	1.35464571	1.69168683	0.78866730	0.48136921	35.37080449	0.00000000	 
0.05729685	1.00000000	50.00000000	-0.08000000	0.96000000	0.00000000	3.14159265	2.63893783	60.30975748	1.39192387	1.74241849	0.91621872	0.48295137	40.96542742	0.00000000	 
0.05729685	1.00000000	50.00000000	-0.08000000	0.96000000	0.00000000	3.14159265	2.63893783	60.30975748	1.39192387	1.74241849	0.91621872	0.48295137	40.96542742	0.00000000	 
0.05843153	1.00000000	50.00000000	-0.08000000	0.98000000	0.00000000	3.14159265	2.63893783	55.19344327	1.36536733	1.69946412	0.80851722	0.46285634	40.16387350	0.00000000	 
0.90483742	1.00000000	50.00000000	-0.08000000	0.98000000	2.00000000	0.00000000	0.00000000	0.01395371	0.01383364	0.02465997	0.00000001	0.00668216	0.01390933	0.00000000	 
0.68622464	1.00000000	50.00000000	-0.08000000	0.98000000	2.00000000	0.00000000	0.00000000	0.15957948	0.14299198	0.23370338	0.00001024	0.07092686	0.15892646	0.00000000	 
0.39099563	1.00000000	50.00000000	-0.08000000	0.98000000	0.00000000	3.14159265	2.63893783	0.76389524	0.48430220	0.67519842	0.00122334	0.24421914	0.75854517	0.00000000	 
0.17706340	1.00000000	50.00000000	-0.08000000	0.98000000	0.00000000	3.14159265	2.63893783	2.65390736	0.84592856	1.07690599	0.02660243	0.39201827	2.60460995	0.00000000	 
0.14970533	1.00000000	50.00000000	-0.08000000	0.98000000	0.00000000	3.14159265	2.63893783	3.44130115	0.90664411	1.14367962	0.04153125	0.40899642	3.35977294	0.00000000	 
0.11522823	1.00000000	50.00000000	-0.08000000	0.98000000	0.00000000	3.14159265	2.63893783	5.36741826	0.99557312	1.24373196	0.08231014	0.42874503	5.17312425	0.00000000	 
0.09784632	1.00000000	50.00000000	-0.08000000	0.98000000	0.00000000	3.14159265	2.63893783	7.42283871	1.05163623	1.30779625	0.12610273	0.43815859	7.05723793	0.00000000	 
0.08498625	1.00000000	50.00000000	-0.08000000	0.98000000	0.00000000	3.14159265	2.63893783	10.33796180	1.10367565	1.36840321	0.18473018	0.44500143	9.64387486	0.00000000	 
0.07770249	1.00000000	50.00000000	-0.08000000	0.98000000	0.00000000	3.14159265	2.63893783	13.29336943	1.14098900	1.41279092	0.24000090	0.44894127	12.16969864	0.00000000	 
0.07168241	1.00000000	50.00000000	-0.08000000	0.98000000	0.00000000	3.14159265	2.63893783	17.41126203	1.18011559	1.46036942	0.31116857	0.45235963	15.53798728	0.00000000	 
0.06613925	1.00000000	50.00000000	-0.08000000	0.98000000	0.00000000	3.14159265	2.63893783	24.37862484	1.22947837	1.52182872	0.42018759	0.45587363	20.87267256	0.00000000	 
0.06335265	1.00000000	50.00000000	-0.08000000	0.98000000	0.00000000	3.14159265	2.63893783	30.53568203	1.26401909	1.56565423	0.50775504	0.45795289	25.24552292	0.00000000	 
0.06132392	1.00000000	50.00000000	-0.08000000	0.98000000	0.00000000	3.14159265	2.63893783	37.42374494	1.29674420	1.60807672	0.59860471	0.45969730	29.80048854	0.00000000	 
0.05967205	1.00000000	50.00000000	-0.08000000	0.98000000	0.00000000	3.14159265	2.63893783	45.85235589	1.33145967	1.65390954	0.70191716	0.46136413	34.94530497	0.00000000	 
0.05843153	1.00000000	50.00000000	-0.08000000	0.98000000	0.00000000	3.14159265	2.63893783	55.19344327	1.36536733	1.69946412	0.80851722	0.46285634	40.16387350	0.00000000	 
0.05843153	1.00000000	50.00000000	-0.08000000	0.98000000	0.00000000	3.14159265	2.63893783	55.19344327	1.36536733	1.69946412	0.80851722	0.46285634	40.16387350	0.00000000	 
0.05655091	1.00000000	50.00000000	-0.08000000	1.00000000	0.00000000	2.99436846	2.78616202	56.03482665	1.36165424	1.69048128	0.80542645	0.44478908	49.60376861	0.00000000	 
0.90483742	1.00000000	50.00000000	-0.08000000	1.00000000	2.00000000	0.00000000	0.00000000	0.01383531	0.01370890	0.02417042	0.00000001	0.00642913	0.01383531	0.00000000	 
0.65339997	1.00000000	50.00000000	-0.08000000	1.00000000	2.00000000	0.00000000	0.00000000	0.19532405	0.17046382	0.27235209	0.00001897	0.08233835	0.19510729	0.00000000	 
0.35019607	1.00000000	50.00000000	-0.08000000	1.00000000	0.00000000	2.99436846	2.78616202	0.92111195	0.53585129	0.73174463	0.00208249	0.26060050	0.91865256	0.00000000	 
0.15788288	1.00000000	50.00000000	-0.08000000	1.00000000	0.00000000	2.99436846	2.78616202	3.11181482	0.87103670	1.10211194	0.03380716	0.38548789	3.08837443	0.00000000	 
0.13462937	1.00000000	50.00000000	-0.08000000	1.00000000	0.00000000	2.99436846	2.78616202	4.00626630	0.92520874	1.16165790	0.05161115	0.39890473	3.96780773	0.00000000	 
0.10784007	1.00000000	50.00000000	-0.08000000	1.00000000	0.00000000	2.99436846	2.78616202	5.91160037	0.99857488	1.24316720	0.09057695	0.41361670	5.82883522	0.00000000	 
0.09235015	1.00000000	50.00000000	-0.08000000	1.00000000	0.00000000	2.99436846	2.78616202	8.10876711	1.05119921	1.30265858	0.13257958	0.42181405	7.95445572	0.00000000	 
0.07644742	1.00000000	50.00000000	-0.08000000	1.00000000	0.00000000	2.99436846	2.78616202	13.07125617	1.12365055	1.38690722	0.22321347	0.43028721	12.67715165	0.00000000	 
0.07157707	1.00000000	50.00000000	-0.08000000	1.00000000	0.00000000	2.99436846	2.78616202	16.08426973	1.15397507	1.42320508	0.27383622	0.43303200	15.49330750	0.00000000	 
0.06745963	1.00000000	50.00000000	-0.08000000	1.00000000	0.00000000	2.99436846	2.78616202	19.98063330	1.18586392	1.46209394	0.33555743	0.43551080	19.07965252	0.00000000	 
0.06411944	1.00000000	50.00000000	-0.08000000	1.00000000	0.00000000	2.99436846	2.78616202	24.87347453	1.21888873	1.50322600	0.40841642	0.43772363	23.49745139	0.00000000	 
0.06140488	1.00000000	50.00000000	-0.08000000	1.00000000	0.00000000	2.99436846	2.78616202	31.06214272	1.25400240	1.54790708	0.49498357	0.43976603	28.95382282	0.00000000	 
0.05946705	1.00000000	50.00000000	-0.08000000	1.00000000	0.00000000	2.99436846	2.78616202	37.77889464	1.28693667	1.59068625	0.58362619	0.44146429	34.71686368	0.00000000	 
0.05778962	1.00000000	50.00000000	-0.08000000	1.00000000	0.00000000	2.99436846	2.78616202	46.48816290	1.32461374	1.64056916	0.69237321	0.44321515	41.95559401	0.00000000	 
0.05655091	1.00000000	50.00000000	-0.08000000	1.00000000	0.00000000	2.99436846	2.78616202	56.03482665	1.36165424	1.69048128	0.80542645	0.44478908	49.60376861	0.00000000	 
0.05655091	1.00000000	50.00000000	-0.08000000	1.00000000	0.00000000	2.99436846	2.78616202	56.03482665	1.36165424	1.69048128	0.80542645	0.44478908	49.60376861	0.00000000	 
