[-0.00334502 -0.00379952 -0.00427723 -0.00463364 -0.00484061 -0.00490955
 -0.00486569 -0.0047426  -0.004566   -0.00435935 -0.00413865 -0.00391353
 -0.00369052 -0.00347417 -0.00326811 -0.00307384 -0.00289103 -0.00272158
 -0.00256407 -0.00241785 -0.00228255 -0.0021575  -0.00204194 -0.00193483
 -0.00183572 -0.00174423 -0.00165968 -0.00158114 -0.00150825 -0.0014412
 -0.00137872 -0.00132047 -0.0012662  -0.00121492 -0.0011664  -0.0011198
 -0.001074   -0.00102678 -0.0009743  -0.00091227]	[-0.00542577 -0.01151167 -0.0150591  -0.01704136 -0.01806222 -0.01843853
 -0.01841922 -0.01814914 -0.01771659 -0.01720802 -0.01664259 -0.01605649
 -0.01546412 -0.0148804  -0.01431034 -0.0137583  -0.01322581 -0.0127137
 -0.01222302 -0.01175399 -0.01130514 -0.0108758  -0.01046592 -0.01007153
 -0.00969374 -0.00933039 -0.00898072 -0.00864326 -0.00831627 -0.00799887
 -0.00769684 -0.00740115 -0.00710995 -0.00682232 -0.00653521 -0.00624661
 -0.00595442 -0.00565544 -0.00534361 -0.00501084]
[  6.06172403e-03   3.47756123e-03   2.12851990e-03   1.29326685e-03
   7.21651824e-04   3.28693665e-04   4.70973246e-05  -1.53865877e-04
  -2.96299672e-04  -3.96563550e-04  -4.63142571e-04  -5.06853192e-04
  -5.34772990e-04  -5.51427870e-04  -5.59034245e-04  -5.62001734e-04
  -5.59664436e-04  -5.53216498e-04  -5.45559372e-04  -5.35300573e-04
  -5.24597858e-04  -5.13628954e-04  -5.03060181e-04  -4.93021415e-04
  -4.83789545e-04  -4.74226743e-04  -4.65675405e-04  -4.57879328e-04
  -4.50668194e-04  -4.44411675e-04  -4.39021896e-04  -4.33756475e-04
  -4.30563798e-04  -4.27774571e-04  -4.25769960e-04  -4.24093684e-04
  -4.22659297e-04  -4.20141572e-04  -4.15851367e-04  -4.03548699e-04]	[-0.01172864 -0.01750787 -0.01965326 -0.02047422 -0.02059518 -0.02036
 -0.01990773 -0.01933374 -0.01868511 -0.0180058  -0.01732368 -0.01663193
 -0.01596316 -0.01531627 -0.01469263 -0.01409585 -0.01352578 -0.01298394
 -0.01246552 -0.01197297 -0.01150344 -0.0110569  -0.01062857 -0.01021953
 -0.0098315  -0.00945714 -0.00909724 -0.00875362 -0.00842052 -0.00810029
 -0.00778931 -0.00748409 -0.00718981 -0.00689732 -0.00659926 -0.00630968
 -0.00602305 -0.00572281 -0.0054135  -0.00509112]
[  7.86386051e-03   5.24108215e-03   3.54579553e-03   2.42984746e-03
   1.66598616e-03   1.12239763e-03   7.31398288e-04   4.43698134e-04
   2.30603740e-04   7.28005996e-05  -4.60144160e-05  -1.32507769e-04
  -1.98484193e-04  -2.46721138e-04  -2.79970678e-04  -3.05483159e-04
  -3.22601218e-04  -3.34925614e-04  -3.44630070e-04  -3.48968694e-04
  -3.51464579e-04  -3.53057504e-04  -3.53095599e-04  -3.52058310e-04
  -3.51992904e-04  -3.50805442e-04  -3.49482805e-04  -3.48402880e-04
  -3.47629683e-04  -3.47389560e-04  -3.47733798e-04  -3.47736601e-04
  -3.49367248e-04  -3.51285737e-04  -3.53708316e-04  -3.56506239e-04
  -3.59688841e-04  -3.61689224e-04  -3.60924327e-04  -3.53464198e-04]	[-0.00974961 -0.0164639  -0.01909701 -0.02016528 -0.02044425 -0.02028295
 -0.01988172 -0.01932078 -0.01869577 -0.01802052 -0.01734323 -0.01666922
 -0.01599239 -0.01533951 -0.01472366 -0.01411979 -0.01356747 -0.01300447
 -0.01248592 -0.01199016 -0.01152135 -0.01107727 -0.01064983 -0.01024149
 -0.00985036 -0.00948097 -0.00911984 -0.00877269 -0.00843705 -0.00811305
 -0.00780334 -0.00749401 -0.00719858 -0.00690633 -0.00661598 -0.00632512
 -0.00603184 -0.00573152 -0.00542029 -0.00508988]
[  6.04809108e-03   3.48898083e-03   2.13913447e-03   1.29656650e-03
   7.25132783e-04   3.26590539e-04   4.38503321e-05  -1.55522468e-04
  -2.96932980e-04  -3.95711923e-04  -4.61694913e-04  -5.06833687e-04
  -5.35938278e-04  -5.52351044e-04  -5.60706591e-04  -5.64982450e-04
  -5.57911501e-04  -5.51722803e-04  -5.44068241e-04  -5.34861045e-04
  -5.23830544e-04  -5.13751869e-04  -5.03336855e-04  -4.93271712e-04
  -4.83919234e-04  -4.74739691e-04  -4.66144755e-04  -4.58287998e-04
  -4.51252379e-04  -4.44897817e-04  -4.39505996e-04  -4.35102588e-04
  -4.31420929e-04  -4.28369892e-04  -4.26468525e-04  -4.24907132e-04
  -4.23423180e-04  -4.21204100e-04  -4.15670193e-04  -4.02663495e-04]	[-0.01171405 -0.01750074 -0.01964294 -0.02050311 -0.02059058 -0.02035303
 -0.01990517 -0.01932849 -0.01868124 -0.01800139 -0.01731863 -0.01662677
 -0.01595963 -0.01531479 -0.01469427 -0.01409904 -0.01353    -0.01298696
 -0.01246739 -0.01197242 -0.01150785 -0.01106023 -0.0106351  -0.01022759
 -0.00983834 -0.00946733 -0.00910713 -0.00875807 -0.00842825 -0.00809634
 -0.00779658 -0.00748629 -0.00719582 -0.00691092 -0.00660776 -0.00632953
 -0.0060315  -0.00572379 -0.00541502 -0.00508235]
[  7.85783966e-03   5.23353945e-03   3.53812178e-03   2.43103905e-03
   1.66356524e-03   1.11834546e-03   7.28023726e-04   4.39582616e-04
   2.25677973e-04   6.83963948e-05  -4.88119586e-05  -1.35335707e-04
  -1.98809254e-04  -2.46146640e-04  -2.80212337e-04  -3.05249449e-04
  -3.22559743e-04  -3.34844869e-04  -3.43259567e-04  -3.48568135e-04
  -3.51125844e-04  -3.52548351e-04  -3.52862969e-04  -3.52605705e-04
  -3.51920320e-04  -3.50770565e-04  -3.49668174e-04  -3.49056748e-04
  -3.48754389e-04  -3.48206543e-04  -3.48536538e-04  -3.48654219e-04
  -3.50189644e-04  -3.52094217e-04  -3.54655724e-04  -3.57536578e-04
  -3.60462450e-04  -3.62604713e-04  -3.61822502e-04  -3.54363157e-04]	[-0.00975056 -0.01646712 -0.01910764 -0.02017838 -0.0204479  -0.02028644
 -0.01987729 -0.01932187 -0.01869176 -0.01801998 -0.01733983 -0.01666354
 -0.01598945 -0.01533989 -0.01472457 -0.01411748 -0.01356706 -0.01300549
 -0.0124841  -0.01198895 -0.01151905 -0.01107561 -0.01064997 -0.01023867
 -0.0098513  -0.00948244 -0.00912487 -0.00877618 -0.00844026 -0.00811506
 -0.00780627 -0.00749652 -0.00720055 -0.00690662 -0.00661622 -0.00632569
 -0.00603238 -0.00573218 -0.00542134 -0.00509094]
[  5.91439717e-03   3.42390180e-03   2.08679921e-03   1.25217795e-03
   6.91877141e-04   3.00289865e-04   2.05011737e-05  -1.76108042e-04
  -3.15161940e-04  -4.12489346e-04  -4.77643755e-04  -5.21346664e-04
  -5.49206201e-04  -5.65718488e-04  -5.71136659e-04  -5.71779883e-04
  -5.67691890e-04  -5.60548679e-04  -5.51805564e-04  -5.41631434e-04
  -5.31238370e-04  -5.20398072e-04  -5.09557523e-04  -4.98817255e-04
  -4.88529264e-04  -4.78878042e-04  -4.70167784e-04  -4.62042744e-04
  -4.54611052e-04  -4.47821337e-04  -4.42431981e-04  -4.37780891e-04
  -4.33662363e-04  -4.30738945e-04  -4.28755437e-04  -4.27159935e-04
  -4.25600921e-04  -4.23171053e-04  -4.17854310e-04  -4.04660538e-04]	[-0.01155962 -0.01737717 -0.01964368 -0.02042775 -0.02056339 -0.02033845
 -0.01989182 -0.01931392 -0.01867076 -0.01799123 -0.01730673 -0.01662339
 -0.01595208 -0.01530943 -0.01468834 -0.01409332 -0.01352357 -0.0129821
 -0.01246735 -0.01197577 -0.0115042  -0.01105882 -0.01063242 -0.01022451
 -0.00983388 -0.0094601  -0.00910125 -0.00875988 -0.00842156 -0.00810203
 -0.00778628 -0.0074933  -0.00719472 -0.0068975  -0.00661621 -0.00631797
 -0.00602639 -0.0057187  -0.00541284 -0.00509484]
[  7.67714038e-03   5.15348545e-03   3.50360869e-03   2.40458575e-03
   1.64336553e-03   1.10153232e-03   7.08676253e-04   4.22548735e-04
   2.11205009e-04   5.45883182e-05  -6.03057593e-05  -1.45586014e-04
  -2.08231006e-04  -2.54112963e-04  -2.88858013e-04  -3.12753745e-04
  -3.29471141e-04  -3.40239489e-04  -3.48498961e-04  -3.53536954e-04
  -3.56481234e-04  -3.57677632e-04  -3.57730589e-04  -3.56948791e-04
  -3.56256864e-04  -3.55039724e-04  -3.53920991e-04  -3.52683332e-04
  -3.51881600e-04  -3.51385787e-04  -3.51437081e-04  -3.52182032e-04
  -3.53533000e-04  -3.55410074e-04  -3.57739911e-04  -3.60710957e-04
  -3.63548031e-04  -3.65540401e-04  -3.65186499e-04  -3.57183365e-04]	[-0.00990798 -0.01642359 -0.01908024 -0.02015444 -0.02043493 -0.02028096
 -0.01987389 -0.01931961 -0.0186894  -0.01801674 -0.01733263 -0.01665228
 -0.01598487 -0.0153382  -0.01471486 -0.01411833 -0.01354658 -0.01300246
 -0.01248478 -0.01199186 -0.01152171 -0.01107391 -0.01064809 -0.01023764
 -0.00984684 -0.00947163 -0.00911095 -0.00876423 -0.00842874 -0.00810415
 -0.00779565 -0.00749454 -0.00719938 -0.00690863 -0.00661874 -0.00632865
 -0.00603924 -0.00575357 -0.00548444 -0.00522558]
[ 0.0050771   0.00302391  0.00182444  0.00104685  0.00052039  0.00014823
 -0.00011115 -0.00029474 -0.00042219 -0.00050867 -0.00056583 -0.00060094
 -0.00062061 -0.00062939 -0.00063072 -0.00062632 -0.00061944 -0.0006073
 -0.00059493 -0.00058127 -0.00056766 -0.00055419 -0.00054103 -0.00052832
 -0.0005162  -0.00050479 -0.00049431 -0.00048465 -0.00047584 -0.0004679
 -0.00046118 -0.00045541 -0.00045067 -0.00044678 -0.00044369 -0.00044127
 -0.00043867 -0.00043537 -0.00042919 -0.00041475]	[-0.01100507 -0.01686144 -0.01924708 -0.02020078 -0.02043103 -0.02025162
 -0.01983116 -0.01927706 -0.01864877 -0.0179777  -0.01729554 -0.01661433
 -0.01595157 -0.01530866 -0.01468721 -0.01409313 -0.01352454 -0.01298303
 -0.01246708 -0.01197548 -0.01150664 -0.01105905 -0.01063244 -0.01022524
 -0.00983679 -0.00946209 -0.00909875 -0.00875353 -0.00841881 -0.00809057
 -0.00778267 -0.00746839 -0.00717466 -0.00686017 -0.0065614  -0.0062986
 -0.00601609 -0.00572456 -0.0054149  -0.00508251]
[  7.08632455e-03   4.87783460e-03   3.35732824e-03   2.30978455e-03
   1.57876824e-03   1.04908041e-03   6.65029984e-04   3.83804466e-04
   1.77799790e-04   2.59769643e-05  -8.74273474e-05  -1.69129611e-04
  -2.29356507e-04  -2.73944394e-04  -3.05505861e-04  -3.28287686e-04
  -3.43744011e-04  -3.54486030e-04  -3.60831728e-04  -3.65097150e-04
  -3.66589819e-04  -3.67100757e-04  -3.66256925e-04  -3.65021049e-04
  -3.63479216e-04  -3.61556848e-04  -3.59713807e-04  -3.58126849e-04
  -3.56699899e-04  -3.55968867e-04  -3.55765115e-04  -3.56245250e-04
  -3.57332860e-04  -3.58884309e-04  -3.61024996e-04  -3.63634952e-04
  -3.66076318e-04  -3.67719963e-04  -3.66746391e-04  -3.58044055e-04]	[-0.00990137 -0.01630695 -0.01897222 -0.02006769 -0.02037694 -0.0202433
 -0.0198451  -0.01930122 -0.01867284 -0.01800501 -0.01732457 -0.01664446
 -0.01598084 -0.01533236 -0.01470961 -0.01410183 -0.01338006 -0.01298886
 -0.01248207 -0.01198898 -0.01151914 -0.01107168 -0.01064545 -0.01023702
 -0.00984403 -0.00947097 -0.0091124  -0.0087641  -0.00842863 -0.00810417
 -0.00779549 -0.00749428 -0.00719828 -0.00690481 -0.00661425 -0.00632477
 -0.00603126 -0.00573041 -0.00541918 -0.00508645]
[ 0.00324062  0.00208334  0.00120146  0.00056579  0.00012213 -0.0001923
 -0.00041301 -0.000563   -0.00066022 -0.00072169 -0.0007571  -0.00077434
 -0.00077872 -0.00077541 -0.00076487 -0.00074959 -0.0007319  -0.00071311
 -0.00069306 -0.00067299 -0.00065326 -0.00063395 -0.00061516 -0.00059755
 -0.00058104 -0.00056562 -0.00055136 -0.00053828 -0.00052644 -0.00051584
 -0.00050649 -0.0004985  -0.00049135 -0.0004851  -0.0004799  -0.0004752
 -0.00047048 -0.00046488 -0.0004565  -0.00044015]	[-0.00995206 -0.01598844 -0.01864109 -0.01979283 -0.02015474 -0.02005899
 -0.01969739 -0.01917732 -0.01856816 -0.0179154  -0.01724631 -0.01658022
 -0.01592042 -0.01528069 -0.01466331 -0.01407173 -0.0135073  -0.0129671
 -0.01245404 -0.01196235 -0.01149371 -0.01104834 -0.01062365 -0.01021818
 -0.00982773 -0.00945524 -0.00909667 -0.00875018 -0.00841612 -0.00809319
 -0.00778687 -0.00748352 -0.00718652 -0.00689405 -0.00660373 -0.00631335
 -0.00602181 -0.00572421 -0.00542607 -0.005128  ]
[  6.30730705e-03   4.43342865e-03   3.07500559e-03   2.10801478e-03
   1.41813415e-03   9.16658328e-04   5.51724690e-04   2.88480128e-04
   9.57449276e-05  -4.76540256e-05  -1.56728557e-04  -2.33351735e-04
  -2.84588789e-04  -3.26103467e-04  -3.53590940e-04  -3.71213182e-04
  -3.83325149e-04  -3.90807972e-04  -3.94490300e-04  -3.95599750e-04
  -3.95684786e-04  -3.93922369e-04  -3.91518097e-04  -3.88296708e-04
  -3.85666637e-04  -3.82256949e-04  -3.79356912e-04  -3.76576004e-04
  -3.74211755e-04  -3.72364839e-04  -3.71598409e-04  -3.71245149e-04
  -3.71299032e-04  -3.72053512e-04  -3.73470156e-04  -3.75180624e-04
  -3.76991289e-04  -3.77872209e-04  -3.76132141e-04  -3.66806736e-04]	[-0.00974334 -0.01604374 -0.01873855 -0.01989736 -0.02025507 -0.0201533
 -0.01978549 -0.01925538 -0.01864079 -0.01798035 -0.01730548 -0.01662094
 -0.01596662 -0.01532274 -0.01470359 -0.0141095  -0.01353958 -0.01299635
 -0.01247725 -0.01198689 -0.01151669 -0.01106995 -0.0106424  -0.01023368
 -0.00984295 -0.00946929 -0.00910815 -0.00876119 -0.00842695 -0.00810162
 -0.00779371 -0.00749062 -0.00719475 -0.00689858 -0.00660896 -0.00631833
 -0.00602308 -0.00572072 -0.00540049 -0.00507323]
[  1.90639089e-03   1.10081571e-03   4.38843518e-04  -5.83268673e-05
  -4.13436058e-04  -6.62304768e-04  -8.29948133e-04  -9.36258778e-04
  -1.00053871e-03  -1.03065070e-03  -1.04139696e-03  -1.03546328e-03
  -1.01791891e-03  -9.93092120e-04  -9.64276659e-04  -9.33194884e-04
  -9.00952947e-04  -8.69008370e-04  -8.37557156e-04  -8.06890799e-04
  -7.77747010e-04  -7.50072718e-04  -7.23872599e-04  -6.99359341e-04
  -6.76431411e-04  -6.55189695e-04  -6.35264862e-04  -6.17338512e-04
  -6.00602016e-04  -5.85497165e-04  -5.72075308e-04  -5.59927348e-04
  -5.48804913e-04  -5.39268222e-04  -5.30647976e-04  -5.22739412e-04
  -5.15053485e-04  -5.06441748e-04  -4.94747807e-04  -4.75199141e-04]	[-0.00885459 -0.01510414 -0.01800399 -0.01934736 -0.01983996 -0.01983034
 -0.01952837 -0.01905265 -0.0184747  -0.01784576 -0.01718817 -0.01653034
 -0.01588179 -0.01525774 -0.01463834 -0.01404844 -0.01348553 -0.01294658
 -0.01243473 -0.01194583 -0.01147912 -0.01103587 -0.01061021 -0.01020365
 -0.00981596 -0.00944234 -0.00908743 -0.00874204 -0.00840856 -0.00808403
 -0.00777109 -0.00747062 -0.00717991 -0.00688817 -0.00659829 -0.0063079
 -0.00601198 -0.00571691 -0.00541408 -0.00510981]
[  5.23401779e-03   3.75319620e-03   2.59991045e-03   1.75653834e-03
   1.13119569e-03   6.75302711e-04   3.42803212e-04   1.00997338e-04
  -7.29681942e-05  -1.96768772e-04  -2.86599880e-04  -3.49545172e-04
  -3.92176108e-04  -4.21465542e-04  -4.40365694e-04  -4.52932394e-04
  -4.59882465e-04  -4.62804891e-04  -4.61596873e-04  -4.57924532e-04
  -4.53403428e-04  -4.47362421e-04  -4.41059147e-04  -4.37239448e-04
  -4.30654092e-04  -4.24796568e-04  -4.19487807e-04  -4.14200397e-04
  -4.09773361e-04  -4.05864620e-04  -4.03104090e-04  -4.00477484e-04
  -3.99321152e-04  -3.98986687e-04  -3.99108052e-04  -3.99337488e-04
  -3.99685490e-04  -3.99437275e-04  -3.95887439e-04  -3.84826892e-04]	[-0.00954068 -0.01564735 -0.01841193 -0.01965975 -0.02008569 -0.02003379
 -0.01970027 -0.01919514 -0.01859755 -0.01794926 -0.01728353 -0.01661346
 -0.01595668 -0.01531288 -0.01469898 -0.01410535 -0.01353709 -0.01299705
 -0.01247861 -0.01198719 -0.01151897 -0.01106954 -0.01064521 -0.01023049
 -0.00984363 -0.00946919 -0.00910953 -0.00876387 -0.0084276  -0.00810564
 -0.00779515 -0.00749295 -0.00719754 -0.00690431 -0.0066143  -0.00632139
 -0.0060281  -0.00572777 -0.00541723 -0.00508907]
[  1.22839238e-03   5.02600746e-04  -6.40650231e-05  -4.88101247e-04
  -7.94521023e-04  -1.00869607e-03  -1.14380813e-03  -1.22403062e-03
  -1.26247122e-03  -1.27131594e-03  -1.26125107e-03  -1.23821882e-03
  -1.20388665e-03  -1.16439192e-03  -1.12297181e-03  -1.07951901e-03
  -1.03803194e-03  -9.95783422e-04  -9.55598415e-04  -9.16633125e-04
  -8.80134145e-04  -8.45945557e-04  -8.13364038e-04  -7.83164577e-04
  -7.54972582e-04  -7.28816985e-04  -7.04793511e-04  -6.82678358e-04
  -6.62292020e-04  -6.43671091e-04  -6.26976650e-04  -6.11582090e-04
  -5.97902269e-04  -5.85685295e-04  -5.74322858e-04  -5.63847456e-04
  -5.53530188e-04  -5.42365726e-04  -5.28091755e-04  -5.05484614e-04]	[-0.00827278 -0.01452874 -0.01755709 -0.01901452 -0.01959999 -0.01966179
 -0.01940683 -0.01896237 -0.01841314 -0.01779674 -0.01714152 -0.01649196
 -0.01584883 -0.01522173 -0.0146127  -0.01402774 -0.01346724 -0.01293153
 -0.01242067 -0.0119333  -0.0114681  -0.01102498 -0.01060092 -0.01019724
 -0.00980973 -0.00943773 -0.00907973 -0.00873453 -0.00840109 -0.00807908
 -0.00777236 -0.00747381 -0.00717986 -0.00689249 -0.00660324 -0.00632615
 -0.00603358 -0.00577208 -0.00543285 -0.00512049]
[  4.42274274e-03   3.23852177e-03   2.23281914e-03   1.46882274e-03
   9.01774955e-04   4.80648248e-04   1.74276895e-04  -4.84176842e-05
  -2.01169975e-04  -3.17404921e-04  -3.98967941e-04  -4.51932452e-04
  -4.87221334e-04  -5.08797640e-04  -5.21095649e-04  -5.25934510e-04
  -5.26028481e-04  -5.22061670e-04  -5.16256410e-04  -5.08668468e-04
  -5.00308792e-04  -4.91596382e-04  -4.82656721e-04  -4.73752631e-04
  -4.65214897e-04  -4.57416818e-04  -4.49776956e-04  -4.42790237e-04
  -4.36464847e-04  -4.31065144e-04  -4.26407984e-04  -4.22632262e-04
  -4.19893428e-04  -4.17884791e-04  -4.16621005e-04  -4.15885962e-04
  -4.15069103e-04  -4.13460241e-04  -4.08998381e-04  -3.96670190e-04]	[-0.00917779 -0.01524266 -0.01807088 -0.01940194 -0.01989735 -0.01989768
 -0.01960042 -0.01912424 -0.01854284 -0.01790733 -0.0172494  -0.01658521
 -0.01593039 -0.0152943  -0.01467799 -0.01408687 -0.01351626 -0.01298024
 -0.01246463 -0.01197273 -0.01150201 -0.01105183 -0.01062191 -0.01021418
 -0.00982948 -0.00945677 -0.00909881 -0.00875223 -0.00841271 -0.00809221
 -0.00778285 -0.00748051 -0.00718828 -0.006896   -0.0066069  -0.00631662
 -0.00602504 -0.00572549 -0.0054171  -0.00509526]
[ 0.00084982  0.0001745  -0.00035669 -0.00074525 -0.00102726 -0.00121515
 -0.00133186 -0.00139286 -0.00141778 -0.00141407 -0.00139292 -0.00135739
 -0.00131602 -0.00126759 -0.00121852 -0.00116875 -0.00112083 -0.00107305
 -0.00102658 -0.000984   -0.00094277 -0.00090401 -0.00086813 -0.00083482
 -0.00080339 -0.00077458 -0.0007475  -0.0007227  -0.00070065 -0.00067922
 -0.00066091 -0.00064404 -0.00062862 -0.00061403 -0.00060162 -0.00059039
 -0.00057793 -0.00056513 -0.00054883 -0.00052409]	[-0.00794801 -0.01411267 -0.01728179 -0.01881122 -0.01945085 -0.01954235
 -0.0193234  -0.01889674 -0.01835568 -0.01769746 -0.017099   -0.016474
 -0.01583163 -0.01520466 -0.0145986  -0.01401388 -0.01345627 -0.01292177
 -0.01241218 -0.01192466 -0.01146189 -0.01101979 -0.01059709 -0.01019281
 -0.0098057  -0.00943336 -0.00907478 -0.00872851 -0.00839593 -0.00807396
 -0.00776913 -0.00746978 -0.00717527 -0.00688065 -0.00659409 -0.00630538
 -0.00601248 -0.00571118 -0.00539956 -0.00507024]
[  4.09198863e-03   2.97269493e-03   2.01988515e-03   1.29542576e-03
   7.51386884e-04   3.51843641e-04   6.13852653e-05  -1.48681571e-04
  -2.96981167e-04  -3.99855245e-04  -4.71587194e-04  -5.19680902e-04
  -5.50035206e-04  -5.66737441e-04  -5.74291004e-04  -5.75386614e-04
  -5.71122337e-04  -5.64607227e-04  -5.55850676e-04  -5.45699112e-04
  -5.35106563e-04  -5.23960695e-04  -5.12806886e-04  -5.01996178e-04
  -4.91937750e-04  -4.82353800e-04  -4.73268971e-04  -4.64889819e-04
  -4.57380782e-04  -4.50772133e-04  -4.45293738e-04  -4.40589996e-04
  -4.36708242e-04  -4.33770971e-04  -4.31638098e-04  -4.29855361e-04
  -4.28400937e-04  -4.25731417e-04  -4.20350523e-04  -4.07365982e-04]	[-0.00863683 -0.01482381 -0.01774872 -0.01899924 -0.01975762 -0.01979681
 -0.01952661 -0.01906994 -0.01850786 -0.01787889 -0.01722563 -0.01656757
 -0.01588705 -0.01518565 -0.01467236 -0.01408278 -0.01351744 -0.01290776
 -0.01245451 -0.01193856 -0.0114745  -0.01103987 -0.01062242 -0.0102169
 -0.00982756 -0.00945626 -0.0090979  -0.00875068 -0.0084165  -0.00809296
 -0.00778478 -0.00748422 -0.00718883 -0.0068972  -0.00660819 -0.00631789
 -0.00602765 -0.00572351 -0.00540941 -0.00507333]
[  7.01440593e-04   7.91134769e-05  -4.25444668e-04  -8.10835201e-04
  -1.08559551e-03  -1.26849836e-03  -1.38170182e-03  -1.44178933e-03
  -1.46371368e-03  -1.45531748e-03  -1.42802636e-03  -1.38932619e-03
  -1.34435070e-03  -1.29493622e-03  -1.24333678e-03  -1.19201059e-03
  -1.14170424e-03  -1.09318014e-03  -1.04651361e-03  -1.00146755e-03
  -9.59212848e-04  -9.19483761e-04  -8.82439161e-04  -8.47864466e-04
  -8.15865271e-04  -7.85962902e-04  -7.58055214e-04  -7.32659133e-04
  -7.09153418e-04  -6.87800169e-04  -6.68440119e-04  -6.50771118e-04
  -6.34626488e-04  -6.20155624e-04  -6.06902772e-04  -5.93734374e-04
  -5.81430494e-04  -5.68276648e-04  -5.51912038e-04  -5.27241462e-04]	[-0.00782476 -0.01409728 -0.0172139  -0.01875399 -0.01940733 -0.01948739
 -0.01929793 -0.01888206 -0.01834525 -0.01769344 -0.01710976 -0.01646524
 -0.01582674 -0.01520359 -0.01459783 -0.01401262 -0.01345428 -0.01292226
 -0.01241026 -0.01192398 -0.01145904 -0.01101533 -0.01059452 -0.01019188
 -0.00980328 -0.00943069 -0.00907459 -0.00872983 -0.00839749 -0.00807445
 -0.00776801 -0.00746788 -0.00717357 -0.006883   -0.00659243 -0.00630266
 -0.00600962 -0.0057095  -0.00539603 -0.00506259]
[  3.99149046e-03   2.86345647e-03   1.93837535e-03   1.23298022e-03
   7.01617618e-04   3.10053384e-04   2.29808601e-05  -1.83223844e-04
  -3.29486914e-04  -4.32486862e-04  -5.01253526e-04  -5.47039061e-04
  -5.73348191e-04  -5.88829514e-04  -5.95122511e-04  -5.94309892e-04
  -5.89304178e-04  -5.81571536e-04  -5.71403285e-04  -5.60489142e-04
  -5.48592288e-04  -5.36646601e-04  -5.24498580e-04  -5.13096781e-04
  -5.02102779e-04  -4.91838935e-04  -4.81948844e-04  -4.73294863e-04
  -4.65268287e-04  -4.58327893e-04  -4.52622390e-04  -4.47520143e-04
  -4.43280752e-04  -4.39965133e-04  -4.37494179e-04  -4.35784621e-04
  -4.33439659e-04  -4.30540383e-04  -4.24782846e-04  -4.11267835e-04]	[-0.00873973 -0.01479079 -0.01770738 -0.01913723 -0.01970926 -0.0197622
 -0.0195016  -0.01905554 -0.01847446 -0.01782673 -0.01722306 -0.01656661
 -0.01584889 -0.01526535 -0.01466707 -0.01407773 -0.013467   -0.01297375
 -0.01242566 -0.01196919 -0.01148403 -0.01105267 -0.01060233 -0.01018719
 -0.00982114 -0.00944894 -0.00909109 -0.00874843 -0.00841465 -0.00809396
 -0.00778653 -0.00748603 -0.00719188 -0.00690033 -0.00661066 -0.00632074
 -0.00602726 -0.0057272  -0.00541479 -0.00508181]
[ 0.00328988  0.00178804  0.00084375  0.00025836 -0.00013282 -0.00039764
 -0.00057879 -0.0007042  -0.000785   -0.00083185 -0.00085489 -0.00086185
 -0.00085578 -0.00084475 -0.00082611 -0.00080514 -0.00078223 -0.0007584
 -0.00073312 -0.00071032 -0.00068801 -0.00066605 -0.00064401 -0.00062464
 -0.00060654 -0.00058941 -0.00057339 -0.00055783 -0.00054563 -0.00053369
 -0.00052306 -0.00051397 -0.00050567 -0.00049842 -0.00049237 -0.00048674
 -0.00048176 -0.00047529 -0.00046602 -0.00044873]	[-0.01065184 -0.01660547 -0.01908359 -0.02007917 -0.02035502 -0.02018297
 -0.01977801 -0.01923273 -0.01860699 -0.01794465 -0.01726382 -0.01658284
 -0.01591555 -0.01527723 -0.01465726 -0.01406398 -0.01349785 -0.01295732
 -0.01243052 -0.01194017 -0.01146633 -0.01101659 -0.0105792  -0.01017144
 -0.00979045 -0.00939182 -0.00899051 -0.00861219 -0.00831743 -0.00802034
 -0.00771613 -0.00745351 -0.00715883 -0.00687368 -0.00659099 -0.00630211
 -0.00601176 -0.00571279 -0.00539761 -0.00506777]
[  9.07804245e-03   7.26558448e-03   5.62181374e-03   4.35268775e-03
   3.39291028e-03   2.66144856e-03   2.10605439e-03   1.67450390e-03
   1.33782484e-03   1.07423328e-03   8.63903578e-04   6.93825638e-04
   5.56506218e-04   4.47236606e-04   3.57653404e-04   2.82601541e-04
   2.19479748e-04   1.66440524e-04   1.21536135e-04   8.34517427e-05
   4.99092410e-05   2.15871537e-05  -3.23142586e-06  -2.57763499e-05
  -4.57535197e-05  -6.38282036e-05  -8.00917710e-05  -9.54023033e-05
  -1.09531885e-04  -1.23305329e-04  -1.36739336e-04  -1.50055557e-04
  -1.63116499e-04  -1.76219408e-04  -1.89418792e-04  -2.02574309e-04
  -2.15529947e-04  -2.27659397e-04  -2.37356106e-04  -2.40663760e-04]	[-0.00759916 -0.01467172 -0.0180237  -0.01955957 -0.02012015 -0.02014063
 -0.01983545 -0.01933575 -0.01873186 -0.01807902 -0.01740259 -0.01672357
 -0.01605454 -0.01540828 -0.01478185 -0.01418285 -0.01360746 -0.01306097
 -0.01254045 -0.01204548 -0.01156999 -0.01111744 -0.0106873  -0.01027419
 -0.0098807  -0.00950422 -0.00914204 -0.00879285 -0.00845653 -0.00812862
 -0.00781884 -0.00751681 -0.00721962 -0.0069261  -0.00663445 -0.00634315
 -0.00604921 -0.00574913 -0.00543825 -0.00510743]
[  1.57928414e-03   7.02381833e-04   1.44125124e-05  -4.42583327e-04
  -7.42812367e-04  -9.36930269e-04  -1.05669326e-03  -1.12600710e-03
  -1.16188095e-03  -1.17107550e-03  -1.16206311e-03  -1.14260067e-03
  -1.11202827e-03  -1.07778353e-03  -1.04173516e-03  -1.00335842e-03
  -9.66049873e-04  -9.28047719e-04  -8.91180451e-04  -8.56524378e-04
  -8.23274650e-04  -7.92408543e-04  -7.62988212e-04  -7.35624433e-04
  -7.10225683e-04  -6.86533172e-04  -6.64900715e-04  -6.44844255e-04
  -6.26517126e-04  -6.09729675e-04  -5.94750297e-04  -5.81353292e-04
  -5.69140515e-04  -5.58521373e-04  -5.48671214e-04  -5.38704071e-04
  -5.29363835e-04  -5.17789679e-04  -5.07676350e-04  -4.87474135e-04]	[-0.00944004 -0.01578442 -0.01855366 -0.01973917 -0.02010301 -0.02001064
 -0.01965173 -0.01912957 -0.01852377 -0.01787331 -0.01720504 -0.01653804
 -0.0158829  -0.01524492 -0.01463127 -0.01404251 -0.01348065 -0.01294262
 -0.01237538 -0.01186459 -0.01140808 -0.01095699 -0.01053613 -0.01013575
 -0.00974484 -0.00933929 -0.00898311 -0.0086713  -0.00834211 -0.00802233
 -0.0077539  -0.00745451 -0.00716048 -0.00688187 -0.00659287 -0.00628848
 -0.00596085 -0.00567983 -0.00540361 -0.00507263]
[  9.09200203e-03   7.26375939e-03   5.62104229e-03   4.35191026e-03
   3.39244222e-03   2.66119001e-03   2.10358134e-03   1.67311934e-03
   1.33728031e-03   1.07004373e-03   8.61030372e-04   6.92931158e-04
   5.57626686e-04   4.47649793e-04   3.57236880e-04   2.82624878e-04
   2.19737068e-04   1.67610391e-04   1.23105113e-04   8.48250040e-05
   5.19868116e-05   2.30419209e-05  -1.74064283e-06  -2.42363513e-05
  -4.38511649e-05  -6.19879716e-05  -7.88398324e-05  -9.43990015e-05
  -1.08927276e-04  -1.22498838e-04  -1.35973981e-04  -1.49188059e-04
  -1.62241839e-04  -1.75106553e-04  -1.88371191e-04  -2.01566076e-04
  -2.14588171e-04  -2.26924540e-04  -2.36741518e-04  -2.40023744e-04]	[-0.0075909  -0.01466136 -0.01801813 -0.01955352 -0.02011885 -0.02013325
 -0.0198189  -0.01932259 -0.01872596 -0.01807088 -0.01739631 -0.01671755
 -0.01605093 -0.01540184 -0.01477589 -0.01417506 -0.01360136 -0.01305394
 -0.01253135 -0.01203573 -0.01156324 -0.01111117 -0.01068054 -0.01026879
 -0.00987374 -0.00949579 -0.00913308 -0.00878649 -0.00844992 -0.0081237
 -0.00781424 -0.00751205 -0.00721593 -0.00692453 -0.0066306  -0.00633978
 -0.00604603 -0.00574702 -0.00543549 -0.00510508]
[-0.00040176 -0.00095136 -0.00141563 -0.00172353 -0.00190409 -0.00199559
 -0.00202672 -0.00201516 -0.00197252 -0.00191272 -0.00183988 -0.00176234
 -0.00168287 -0.00160334 -0.00152466 -0.00145002 -0.00137843 -0.00131051
 -0.00124654 -0.00118739 -0.00113172 -0.0010799  -0.00103192 -0.00098732
 -0.00094631 -0.00090832 -0.00087302 -0.00084065 -0.00081074 -0.00078335
 -0.00075835 -0.00073573 -0.00071479 -0.00069541 -0.00067766 -0.00066048
 -0.00064392 -0.00062641 -0.00060579 -0.00057625]	[-0.00741482 -0.01408554 -0.01733735 -0.01888748 -0.01950271 -0.01957945
 -0.01933101 -0.01888734 -0.01833861 -0.0177277  -0.01708789 -0.01643112
 -0.01579215 -0.01518127 -0.01456191 -0.01398986 -0.01343558 -0.01279073
 -0.0123151  -0.01184269 -0.01137653 -0.01085711 -0.01051188 -0.01011418
 -0.00976927 -0.00940052 -0.0090455  -0.00870301 -0.00837615 -0.00806059
 -0.00775482 -0.00745581 -0.00716197 -0.00687374 -0.00658491 -0.00629556
 -0.00600238 -0.00570142 -0.00538912 -0.00505265]
[  9.05293202e-03   7.21125301e-03   5.60747292e-03   4.36328503e-03
   3.41475510e-03   2.68932838e-03   2.13196543e-03   1.70032227e-03
   1.36395148e-03   1.09856509e-03   8.88292596e-04   7.18915625e-04
   5.83178198e-04   4.71413793e-04   3.79235540e-04   3.03373207e-04
   2.39795086e-04   1.86408713e-04   1.40635480e-04   1.01527241e-04
   6.73433417e-05   3.81251320e-05   1.17780048e-05  -1.12378064e-05
  -3.32783042e-05  -5.25058673e-05  -6.88882307e-05  -8.48819248e-05
  -9.95329177e-05  -1.14005469e-04  -1.27486295e-04  -1.41133319e-04
  -1.54498094e-04  -1.68029943e-04  -1.81421970e-04  -1.95007593e-04
  -2.08616315e-04  -2.21227792e-04  -2.31498842e-04  -2.35116475e-04]	[-0.00765741 -0.01458384 -0.01791216 -0.01946456 -0.02004635 -0.02007612
 -0.01977954 -0.01929922 -0.01871091 -0.01806318 -0.0173918  -0.01671505
 -0.01604739 -0.01540087 -0.01477677 -0.01417842 -0.0136056  -0.01305871
 -0.01253417 -0.01203708 -0.01156372 -0.01111224 -0.01068209 -0.01027074
 -0.0098776  -0.00949938 -0.00913762 -0.00878825 -0.00845206 -0.00812488
 -0.00781508 -0.00751234 -0.00721539 -0.00692268 -0.00663165 -0.00634017
 -0.006047   -0.00574718 -0.00543728 -0.00510824]
[-0.00127043 -0.00181666 -0.00226523 -0.00254997 -0.00270305 -0.00275964
 -0.00274676 -0.00268873 -0.00260152 -0.00249762 -0.00238425 -0.00226621
 -0.00214919 -0.00203506 -0.00192512 -0.00182089 -0.00172286 -0.00163087
 -0.00154512 -0.00146538 -0.00139125 -0.00132271 -0.00125942 -0.00120039
 -0.00114601 -0.00109576 -0.00104948 -0.00100672 -0.00096735 -0.00093097
 -0.00089747 -0.0008668  -0.00083839 -0.00081173 -0.00078695 -0.00076346
 -0.00074031 -0.00071641 -0.00068881 -0.0006523 ]	[-0.00664291 -0.01317066 -0.01656494 -0.01829782 -0.01905773 -0.01923162
 -0.01906623 -0.01869061 -0.01817565 -0.01759847 -0.01697836 -0.01635055
 -0.01572355 -0.01509786 -0.01451381 -0.0139391  -0.01336936 -0.01284758
 -0.01232941 -0.01186465 -0.01140727 -0.01097281 -0.01055512 -0.01015375
 -0.00977076 -0.00940184 -0.00904723 -0.00870469 -0.00837389 -0.00805261
 -0.0077469  -0.00744799 -0.0071545  -0.00686403 -0.00657563 -0.0062843
 -0.00599175 -0.00569068 -0.00538016 -0.00505219]
[  8.51102857e-03   6.90051771e-03   5.42741042e-03   4.25696080e-03
   3.34919355e-03   2.64472420e-03   2.10297852e-03   1.67943504e-03
   1.35089319e-03   1.09190429e-03   8.83390117e-04   7.16176089e-04
   5.80318064e-04   4.70145313e-04   3.79767016e-04   3.03694999e-04
   2.40394593e-04   1.86363133e-04   1.41509948e-04   1.02242291e-04
   6.80001847e-05   3.86850033e-05   1.26482136e-05  -1.03848154e-05
  -3.10804890e-05  -4.98108732e-05  -6.70336292e-05  -8.30011381e-05
  -9.79932450e-05  -1.12299372e-04  -1.26378772e-04  -1.39905672e-04
  -1.53391648e-04  -1.66946828e-04  -1.80663374e-04  -1.94382358e-04
  -2.07772072e-04  -2.20512306e-04  -2.30793191e-04  -2.34896560e-04]	[-0.00787414 -0.0145127  -0.01775183 -0.01930881 -0.01992161 -0.01998528
 -0.01971898 -0.01925778 -0.01868166 -0.01804404 -0.01737738 -0.01670826
 -0.01604354 -0.01539905 -0.01477577 -0.01417748 -0.01360492 -0.0130573
 -0.01253589 -0.01203877 -0.01156537 -0.01111345 -0.01068022 -0.01026956
 -0.00987508 -0.00949767 -0.00913594 -0.00878756 -0.00845115 -0.00812504
 -0.00781656 -0.00751374 -0.00721696 -0.00692345 -0.00663263 -0.00634233
 -0.0060481  -0.00574816 -0.00543601 -0.00510512]
[-0.00131792 -0.00194063 -0.00241826 -0.00271162 -0.00287225 -0.00293207
 -0.00291512 -0.0028495  -0.00275565 -0.00264222 -0.00252021 -0.00239506
 -0.00226977 -0.00214615 -0.00202989 -0.00191831 -0.00181443 -0.00171647
 -0.00162438 -0.00153908 -0.0014596  -0.00138647 -0.0013199  -0.00125707
 -0.00119954 -0.00114595 -0.00109645 -0.0010508  -0.00100891 -0.00097018
 -0.00093434 -0.00090105 -0.00087064 -0.00084232 -0.00081576 -0.00079016
 -0.00076547 -0.00073956 -0.0007106  -0.0006718 ]	[-0.00655382 -0.01288729 -0.01636299 -0.01812188 -0.01892295 -0.01913708
 -0.01899413 -0.01862232 -0.0181128  -0.01756039 -0.01694974 -0.01632591
 -0.01570288 -0.01509032 -0.01449747 -0.01392463 -0.01337396 -0.01284965
 -0.0123465  -0.0118646  -0.01140712 -0.01096754 -0.0105492  -0.01015479
 -0.00977166 -0.00939605 -0.00904105 -0.00869897 -0.00836884 -0.00804751
 -0.00774226 -0.0074437  -0.00715617 -0.00686031 -0.00657134 -0.00628151
 -0.00598825 -0.00569351 -0.005379   -0.00506736]
[  8.35991178e-03   6.79215229e-03   5.36398097e-03   4.22258431e-03
   3.32921008e-03   2.63595887e-03   2.09610879e-03   1.67657883e-03
   1.34747814e-03   1.08857205e-03   8.81849764e-04   7.16115188e-04
   5.81322380e-04   4.70796146e-04   3.80173624e-04   3.05308767e-04
   2.41434579e-04   1.88805486e-04   1.44416965e-04   1.04161801e-04
   7.06966672e-05   4.10167257e-05   1.49193188e-05  -8.03368018e-06
  -2.91694098e-05  -4.80719646e-05  -6.53576851e-05  -8.12776384e-05
  -9.60495255e-05  -1.10593728e-04  -1.24599858e-04  -1.38542878e-04
  -1.52265307e-04  -1.65896959e-04  -1.80016266e-04  -1.93539454e-04
  -2.07509654e-04  -2.20289026e-04  -2.30768815e-04  -2.34653867e-04]	[-0.00788966 -0.01444452 -0.0176537  -0.01908027 -0.0197578  -0.01988319
 -0.01956435 -0.01923918 -0.01861388 -0.01804186 -0.01737841 -0.01670827
 -0.01605838 -0.01540493 -0.0147777  -0.0141082  -0.01360608 -0.01305898
 -0.01245398 -0.01203291 -0.01152675 -0.01107788 -0.01065961 -0.01026235
 -0.00987528 -0.00949718 -0.0091354  -0.00878676 -0.00845018 -0.00812377
 -0.00781395 -0.00751139 -0.00721731 -0.00692493 -0.00663408 -0.00634316
 -0.00605128 -0.00575139 -0.00544118 -0.0051071 ]
[-0.00184295 -0.00240736 -0.0028977  -0.00320195 -0.00334814 -0.00338115
 -0.00332566 -0.00323336 -0.00310283 -0.00295724 -0.00280242 -0.00265188
 -0.0025034  -0.00236176 -0.00222899 -0.00209611 -0.0019818  -0.00187156
 -0.00176747 -0.00167029 -0.00158447 -0.00150073 -0.00142673 -0.00135272
 -0.00128894 -0.00122971 -0.00117784 -0.00112735 -0.00108103 -0.00103803
 -0.00099954 -0.00096268 -0.00092864 -0.00089695 -0.00086718 -0.00083856
 -0.00081077 -0.00078173 -0.00074958 -0.00070732]	[-0.00618947 -0.01276176 -0.01616237 -0.01710341 -0.01889821 -0.01910543
 -0.01896387 -0.01860008 -0.01810172 -0.01753026 -0.0169228  -0.01629689
 -0.01568191 -0.01507262 -0.01448205 -0.01391063 -0.01336322 -0.0128372
 -0.01233581 -0.01185716 -0.01140089 -0.01096303 -0.01054157 -0.01013389
 -0.00975436 -0.00939068 -0.00903573 -0.00869556 -0.00836361 -0.00804196
 -0.00773668 -0.00743557 -0.0071397  -0.00685354 -0.00656457 -0.00627486
 -0.00597982 -0.0056819  -0.00537051 -0.00503255]
[  9.87430316e-03   8.82490947e-03   7.58047283e-03   6.42866468e-03
   5.44912246e-03   4.63511227e-03   3.96368623e-03   3.41242990e-03
   2.95557929e-03   2.57842072e-03   2.26288063e-03   1.99754669e-03
   1.76913536e-03   1.57280127e-03   1.40308427e-03   1.25382301e-03
   1.12445273e-03   1.01007794e-03   9.08445066e-04   8.17902917e-04
   7.36124155e-04   6.63678872e-04   5.97000383e-04   5.36441838e-04
   4.80774526e-04   4.30760404e-04   3.83703230e-04   3.41421866e-04
   3.01701957e-04   2.63984018e-04   2.27883013e-04   1.93892788e-04
   1.60977366e-04   1.29210516e-04   9.79814329e-05   6.71454774e-05
   3.65674435e-05   6.40755641e-06  -2.13189291e-05  -4.39056084e-05]	[-0.00603315 -0.01282147 -0.01661227 -0.01862574 -0.0195629  -0.0198326
 -0.01969384 -0.01931173 -0.01877914 -0.01816502 -0.0175098  -0.01683982
 -0.01617815 -0.0155252  -0.01489462 -0.01428767 -0.01370373 -0.01314804
 -0.0126201  -0.01212099 -0.01164218 -0.01118421 -0.01074786 -0.01033285
 -0.00993585 -0.00955445 -0.00918713 -0.00883342 -0.00849318 -0.00816323
 -0.00785069 -0.00754685 -0.00724795 -0.006953   -0.00666118 -0.00637162
 -0.00607447 -0.00577478 -0.00546928 -0.00513309]
[-0.00273467 -0.00325901 -0.00377724 -0.00411994 -0.00430927 -0.00435401
 -0.00430958 -0.0041934  -0.00402956 -0.00384439 -0.00364438 -0.00344469
 -0.00324831 -0.00305858 -0.00287801 -0.00270813 -0.00254915 -0.00240247
 -0.0022628  -0.00213477 -0.00201754 -0.00190897 -0.00180803 -0.00171542
 -0.00162962 -0.00155088 -0.00147723 -0.00140952 -0.00134715 -0.00128899
 -0.00123514 -0.00118487 -0.00113862 -0.00109462 -0.00105325 -0.00101261
 -0.00097348 -0.00093273 -0.00088845 -0.0008337 ]	[-0.00560863 -0.01184702 -0.01540734 -0.01736029 -0.01831127 -0.01864727
 -0.01859724 -0.01830261 -0.0178564  -0.01732464 -0.01674512 -0.01614553
 -0.01554491 -0.01495468 -0.01437093 -0.01381073 -0.01327299 -0.01275534
 -0.01226138 -0.01178893 -0.01133683 -0.01090483 -0.01049152 -0.01009524
 -0.00971685 -0.00935265 -0.00900179 -0.00866256 -0.00833428 -0.00801553
 -0.00771263 -0.00741547 -0.00712287 -0.00683416 -0.00654617 -0.00625346
 -0.00596177 -0.00566321 -0.00534522 -0.00501306]
[  9.96502168e-03   8.91786455e-03   7.71431343e-03   6.58296121e-03
   5.60428249e-03   4.79043657e-03   4.11314741e-03   3.55814224e-03
   3.09540947e-03   2.71051378e-03   2.38331076e-03   2.10775446e-03
   1.87132576e-03   1.66880686e-03   1.49111470e-03   1.33705353e-03
   1.19936817e-03   1.07951380e-03   9.74397125e-04   8.79724605e-04
   7.94783778e-04   7.18519589e-04   6.49891133e-04   5.87289781e-04
   5.29730280e-04   4.77505520e-04   4.28595271e-04   3.83596781e-04
   3.40957980e-04   3.01451608e-04   2.63650649e-04   2.27477190e-04
   1.92082320e-04   1.58514110e-04   1.25442358e-04   9.31171308e-05
   6.12627751e-05   2.96592299e-05  -3.80011706e-07  -2.45597399e-05]	[-0.00603569 -0.01273118 -0.01651119 -0.01854247 -0.01950225 -0.01979098
 -0.01967539 -0.01930429 -0.01877696 -0.01816488 -0.01751618 -0.01682522
 -0.01616678 -0.01552797 -0.01489321 -0.0142923  -0.01370945 -0.01315884
 -0.01262848 -0.01212481 -0.01164617 -0.01117996 -0.01075229 -0.01033622
 -0.00993309 -0.00955392 -0.00918876 -0.00883695 -0.00849381 -0.00816775
 -0.00785525 -0.00755053 -0.00725179 -0.00695677 -0.00666499 -0.00637865
 -0.00607882 -0.00577585 -0.00548025 -0.00514081]
[  6.88831214e-03   4.31802127e-03   2.79450243e-03   1.82482630e-03
   1.16606421e-03   6.97257561e-04   3.60961522e-04   1.18444285e-04
  -5.85062968e-05  -1.85472652e-04  -2.75897982e-04  -3.40473269e-04
  -3.84854749e-04  -4.15717319e-04  -4.35777589e-04  -4.47826965e-04
  -4.53986576e-04  -4.55983581e-04  -4.55261218e-04  -4.52944199e-04
  -4.48499566e-04  -4.43184134e-04  -4.37473560e-04  -4.31762411e-04
  -4.25805394e-04  -4.20081945e-04  -4.14610402e-04  -4.09971065e-04
  -4.05685524e-04  -4.02020938e-04  -3.99300548e-04  -3.97139833e-04
  -3.95510866e-04  -3.94923545e-04  -3.94899252e-04  -3.95291302e-04
  -3.95781452e-04  -3.95583718e-04  -3.92298191e-04  -3.81399011e-04]	[-0.01079365 -0.01699684 -0.01938953 -0.02031741 -0.0205201  -0.02032357
 -0.01988662 -0.01932501 -0.01868609 -0.01801107 -0.01732251 -0.01664146
 -0.01597168 -0.01532179 -0.01470186 -0.01410837 -0.01353923 -0.01299678
 -0.01247962 -0.01198732 -0.01151784 -0.01107001 -0.0106425  -0.01023451
 -0.00984344 -0.00946896 -0.00910868 -0.00876209 -0.00842732 -0.00810286
 -0.00779404 -0.00749277 -0.00719701 -0.00690514 -0.00661452 -0.00632375
 -0.00602978 -0.0057295  -0.00541715 -0.00508627]
[  6.87371836e-03   4.31134926e-03   2.78679770e-03   1.81401687e-03
   1.15336090e-03   6.88869394e-04   3.54593310e-04   1.16244446e-04
  -5.93333998e-05  -1.85417464e-04  -2.75856748e-04  -3.40378159e-04
  -3.84768762e-04  -4.15606159e-04  -4.34041631e-04  -4.46043299e-04
  -4.52662736e-04  -4.54328644e-04  -4.53489034e-04  -4.50817646e-04
  -4.46292713e-04  -4.41328553e-04  -4.35667757e-04  -4.29891781e-04
  -4.24092115e-04  -4.18489121e-04  -4.13279188e-04  -4.08607402e-04
  -4.04471299e-04  -4.00730162e-04  -3.98292523e-04  -3.96290566e-04
  -3.94943901e-04  -3.94325193e-04  -3.94550012e-04  -3.95021101e-04
  -3.95474607e-04  -3.95242045e-04  -3.92120057e-04  -3.81382812e-04]	[-0.01079477 -0.01700576 -0.01939979 -0.02032828 -0.02053059 -0.02032854
 -0.01988829 -0.01932426 -0.01868682 -0.01801089 -0.01732141 -0.01663975
 -0.01596596 -0.01532107 -0.01470173 -0.0141062  -0.01353676 -0.01299316
 -0.0124766  -0.0119848  -0.01151558 -0.01106813 -0.01064086 -0.01023266
 -0.00984255 -0.00946772 -0.00910765 -0.00876099 -0.00842617 -0.00810149
 -0.007793   -0.0074916  -0.00719576 -0.00690381 -0.00661355 -0.0063229
 -0.00602894 -0.00572879 -0.00541646 -0.00508636]
[  6.85160534e-03   4.28658142e-03   2.77279329e-03   1.80046775e-03
   1.14119104e-03   6.76308842e-04   3.43306452e-04   1.02640767e-04
  -7.15961088e-05  -1.95914263e-04  -2.84828594e-04  -3.48011246e-04
  -3.92293390e-04  -4.22158948e-04  -4.40625292e-04  -4.52324830e-04
  -4.57975516e-04  -4.59489460e-04  -4.58406031e-04  -4.55250632e-04
  -4.50732189e-04  -4.45753156e-04  -4.39434858e-04  -4.33314183e-04
  -4.27450553e-04  -4.21537421e-04  -4.16216671e-04  -4.11364076e-04
  -4.06988141e-04  -4.03272546e-04  -3.99928942e-04  -3.97779061e-04
  -3.96281546e-04  -3.95560658e-04  -3.95427221e-04  -3.95758841e-04
  -3.96124626e-04  -3.95749797e-04  -3.92333958e-04  -3.81745062e-04]	[-0.01079625 -0.01697129 -0.01937623 -0.02031502 -0.0205224  -0.02032591
 -0.01989024 -0.01932006 -0.01868249 -0.01800687 -0.0173224  -0.01663915
 -0.01597027 -0.0153242  -0.01470126 -0.01410572 -0.0135361  -0.01299282
 -0.01247521 -0.01198197 -0.01151281 -0.01106528 -0.01063792 -0.01023039
 -0.00984019 -0.00946605 -0.00910584 -0.00875933 -0.00842422 -0.00809945
 -0.00779146 -0.00748986 -0.00719483 -0.00690271 -0.00661301 -0.00632196
 -0.00602783 -0.00572767 -0.00541532 -0.00508706]
[  6.51410647e-03   4.11094324e-03   2.65379369e-03   1.71338884e-03
   1.06880397e-03   6.12335464e-04   2.88800903e-04   5.48661318e-05
  -1.13068685e-04  -2.32742787e-04  -3.18228344e-04  -3.77334899e-04
  -4.18219097e-04  -4.45557904e-04  -4.62023870e-04  -4.71416202e-04
  -4.75005280e-04  -4.75255988e-04  -4.72720764e-04  -4.68585335e-04
  -4.63114637e-04  -4.56602042e-04  -4.50184486e-04  -4.43516524e-04
  -4.37021938e-04  -4.30473377e-04  -4.24704140e-04  -4.19208005e-04
  -4.14232987e-04  -4.10078737e-04  -4.06801171e-04  -4.04248377e-04
  -4.02567710e-04  -4.01068608e-04  -4.00692991e-04  -4.00750385e-04
  -4.00812454e-04  -3.99960646e-04  -3.96492136e-04  -3.85226534e-04]	[-0.01069487 -0.01681922 -0.01925757 -0.02023748 -0.02047196 -0.02028854
 -0.01986822 -0.01930558 -0.01867335 -0.01799946 -0.01731338 -0.01663252
 -0.01596619 -0.01532243 -0.01470103 -0.01410481 -0.0135349  -0.01299177
 -0.01247336 -0.01198114 -0.01151174 -0.011064   -0.01063722 -0.01022926
 -0.00983904 -0.00946418 -0.00910392 -0.00875792 -0.00842277 -0.00809838
 -0.00779032 -0.00748908 -0.00719331 -0.00690141 -0.00661132 -0.00632099
 -0.00602722 -0.00572831 -0.00541461 -0.0050815 ]
[  5.58239739e-03   3.62712801e-03   2.35010833e-03   1.48661681e-03
   8.86457489e-04   4.56317049e-04   1.52028327e-04  -6.72726599e-05
  -2.22223251e-04  -3.29824520e-04  -4.06606525e-04  -4.58600157e-04
  -4.92357153e-04  -5.12767788e-04  -5.23931466e-04  -5.28498086e-04
  -5.28168609e-04  -5.24733040e-04  -5.18730600e-04  -5.11068672e-04
  -5.02960308e-04  -4.94055076e-04  -4.84221068e-04  -4.75667520e-04
  -4.66894425e-04  -4.58676841e-04  -4.51103595e-04  -4.43976243e-04
  -4.37799520e-04  -4.32205198e-04  -4.27766541e-04  -4.23925239e-04
  -4.21059139e-04  -4.18915496e-04  -4.17438508e-04  -4.16526038e-04
  -4.15621687e-04  -4.13974356e-04  -4.09348145e-04  -3.97021323e-04]	[-0.0104727  -0.01651335 -0.01903396 -0.02008326 -0.02036686 -0.02021775
 -0.01981709 -0.01927072 -0.01864287 -0.01797889 -0.01730001 -0.01662318
 -0.01595922 -0.01531495 -0.01469467 -0.01408822 -0.01353094 -0.01298879
 -0.01246894 -0.01197798 -0.01150873 -0.01106424 -0.01063764 -0.01023032
 -0.00983076 -0.00946091 -0.00910264 -0.00875594 -0.00841999 -0.00810397
 -0.00778907 -0.00749008 -0.00719273 -0.00690198 -0.00661288 -0.00632098
 -0.00602705 -0.00573016 -0.0054361  -0.00508073]
[  4.31519558e-03   2.90468132e-03   1.87171029e-03   1.12240334e-03
   5.88395468e-04   2.05826707e-04  -6.83851648e-05  -2.59783894e-04
  -3.93666864e-04  -4.85338487e-04  -5.46291217e-04  -5.84729815e-04
  -6.06826177e-04  -6.18181888e-04  -6.20139789e-04  -6.16494660e-04
  -6.09047879e-04  -5.98766463e-04  -5.86744271e-04  -5.74274174e-04
  -5.60812331e-04  -5.47648826e-04  -5.35005006e-04  -5.22580172e-04
  -5.10974290e-04  -4.99970238e-04  -4.89710708e-04  -4.80474615e-04
  -4.72000467e-04  -4.64317860e-04  -4.57935051e-04  -4.52438764e-04
  -4.47758065e-04  -4.43968048e-04  -4.40958164e-04  -4.38775039e-04
  -4.36403762e-04  -4.33158155e-04  -4.27029524e-04  -4.13184609e-04]	[-0.00998552 -0.01600462 -0.01865453 -0.01981128 -0.02017356 -0.02008552
 -0.01972052 -0.01920031 -0.01859598 -0.01792988 -0.01726944 -0.01659398
 -0.0159354  -0.01529411 -0.0146798  -0.01408598 -0.01352087 -0.01297913
 -0.01246182 -0.01197146 -0.01150438 -0.01105888 -0.01063107 -0.01022467
 -0.00983365 -0.00945969 -0.00909897 -0.00875412 -0.00841947 -0.00809493
 -0.00778689 -0.00748621 -0.00719042 -0.00689764 -0.00660892 -0.00631781
 -0.00602608 -0.00573016 -0.00543752 -0.00511892]
[ 0.00306254  0.00210887  0.00128513  0.00066076  0.00020965 -0.0001194
 -0.000351   -0.00051379 -0.00062137 -0.0006922  -0.00073469 -0.00075635
 -0.0007636  -0.00076074 -0.00075158 -0.00073755 -0.00072143 -0.00070311
 -0.00068324 -0.00066416 -0.00064492 -0.00062706 -0.00060951 -0.00059219
 -0.00057584 -0.00056093 -0.00054678 -0.000534   -0.00052251 -0.00051196
 -0.00050276 -0.00049453 -0.00048748 -0.00048112 -0.00047591 -0.00047166
 -0.00046726 -0.00046223 -0.00045417 -0.00043818]	[-0.00920165 -0.01531248 -0.01814691 -0.01945075 -0.01991974 -0.01990355
 -0.01958326 -0.01910944 -0.01852449 -0.0178857  -0.01722488 -0.01656168
 -0.01591007 -0.01527158 -0.01465873 -0.01406848 -0.01350311 -0.01296401
 -0.01244919 -0.0119596  -0.01149161 -0.01104894 -0.01062902 -0.01021638
 -0.0098278  -0.00945423 -0.00909309 -0.00874711 -0.00841266 -0.00808858
 -0.0077809  -0.00748067 -0.00718528 -0.00689375 -0.00660379 -0.0063135
 -0.00602014 -0.00572101 -0.00541314 -0.00508899]
[  2.49050710e-03   1.63004761e-03   8.89973602e-04   3.32261849e-04
  -7.99217696e-05  -3.75963738e-04  -5.80290974e-04  -7.18167808e-04
  -8.07489115e-04  -8.60115899e-04  -8.87361622e-04  -8.97325633e-04
  -8.92960996e-04  -8.81560145e-04  -8.61761169e-04  -8.40198664e-04
  -8.16171155e-04  -7.92319904e-04  -7.65055091e-04  -7.40242144e-04
  -7.16496070e-04  -6.93714379e-04  -6.70664269e-04  -6.49669907e-04
  -6.29961791e-04  -6.11528388e-04  -5.94402463e-04  -5.78965192e-04
  -5.65155867e-04  -5.52263078e-04  -5.40747788e-04  -5.30650797e-04
  -5.21759770e-04  -5.13827925e-04  -5.07132758e-04  -5.00700762e-04
  -4.94462729e-04  -4.87316428e-04  -4.77274477e-04  -4.59233593e-04]	[-0.00868766 -0.01484898 -0.01776948 -0.01917073 -0.01971692 -0.01975426
 -0.0194856  -0.01902482 -0.01845873 -0.0178363  -0.01718294 -0.01652949
 -0.01588065 -0.01524703 -0.01463736 -0.01404851 -0.0134852  -0.01294827
 -0.01243575 -0.01194635 -0.01148063 -0.01103702 -0.01061293 -0.01020729
 -0.00981819 -0.00944532 -0.00908726 -0.00874285 -0.00840899 -0.0080847
 -0.00777722 -0.00747662 -0.00718172 -0.00689031 -0.00659959 -0.00630968
 -0.00601654 -0.00571771 -0.00540793 -0.00507899]
[ 0.00225002  0.00136685  0.00067328  0.00014768 -0.00024077 -0.00052046
 -0.00071553 -0.00084009 -0.00092069 -0.00096541 -0.0009831  -0.00098382
 -0.00097314 -0.00095423 -0.00092983 -0.00090229 -0.00087349 -0.00084405
 -0.00081484 -0.00078652 -0.00075911 -0.00073263 -0.00070767 -0.0006845
 -0.00066271 -0.00064227 -0.00062337 -0.0006061  -0.00059022 -0.00057545
 -0.0005626  -0.00055105 -0.00054084 -0.0005318  -0.00052372 -0.00051631
 -0.00050905 -0.00050097 -0.00049028 -0.00047092]	[-0.00812552 -0.01447957 -0.01748944 -0.01881114 -0.01960083 -0.01967136
 -0.01942377 -0.01897978 -0.01842746 -0.01781106 -0.01716829 -0.01651633
 -0.01584142 -0.01515267 -0.01463497 -0.01404745 -0.01348424 -0.01288801
 -0.01242597 -0.01191978 -0.01145689 -0.01102158 -0.01060319 -0.01020043
 -0.00981281 -0.00944473 -0.00908666 -0.00874118 -0.00840811 -0.00808482
 -0.00777742 -0.00747706 -0.00718236 -0.00689041 -0.00660197 -0.00631308
 -0.00602048 -0.00571844 -0.00540588 -0.00507296]
[  2.17714115e-03   1.28089368e-03   6.03223751e-04   9.19045708e-05
  -2.87031263e-04  -5.62010541e-04  -7.50500982e-04  -8.76326837e-04
  -9.52609324e-04  -9.94228351e-04  -1.01053269e-03  -1.01058446e-03
  -9.98101117e-04  -9.78683880e-04  -9.52981443e-04  -9.23334433e-04
  -8.92874068e-04  -8.62047687e-04  -8.31908967e-04  -8.01883292e-04
  -7.73631346e-04  -7.46319037e-04  -7.20738344e-04  -6.97517121e-04
  -6.74975376e-04  -6.54024326e-04  -6.34641610e-04  -6.16785938e-04
  -6.00451428e-04  -5.85441938e-04  -5.72112604e-04  -5.60071122e-04
  -5.49452049e-04  -5.39872403e-04  -5.31236316e-04  -5.23351025e-04
  -5.15747400e-04  -5.07165559e-04  -4.95794572e-04  -4.76273730e-04]	[-0.00829749 -0.01445527 -0.01746858 -0.01895254 -0.0195576  -0.01964109
 -0.01940186 -0.01896736 -0.01841269 -0.01776665 -0.0171592  -0.01646979
 -0.01586728 -0.01523576 -0.01462635 -0.01403943 -0.01347838 -0.01290814
 -0.01243065 -0.01194269 -0.01147633 -0.01101935 -0.01059519 -0.01020159
 -0.00979995 -0.00942372 -0.00907834 -0.00873435 -0.00840143 -0.00807861
 -0.00777316 -0.00747357 -0.00717963 -0.00688911 -0.00660168 -0.00631552
 -0.00602235 -0.00571911 -0.00540541 -0.00508003]
[  1.00334058e-02   9.25680917e-03   8.24907726e-03   7.23572250e-03
   6.33382497e-03   5.55440287e-03   4.86378076e-03   4.28817515e-03
   3.79851272e-03   3.37776473e-03   3.02090416e-03   2.70863310e-03
   2.43816840e-03   2.19938410e-03   1.99061507e-03   1.80439260e-03
   1.64012948e-03   1.49268055e-03   1.36084729e-03   1.24170135e-03
   1.13479277e-03   1.03781192e-03   9.49585627e-04   8.69218210e-04
   7.95286843e-04   7.26987949e-04   6.64003762e-04   6.05433120e-04
   5.50676140e-04   4.99403876e-04   4.50482959e-04   4.03962139e-04
   3.59359750e-04   3.16056823e-04   2.73799250e-04   2.32655122e-04
   1.91436142e-04   1.50872269e-04   1.11628662e-04   7.69957140e-05]	[-0.00564662 -0.01216644 -0.01600528 -0.01817044 -0.01926471 -0.01965649
 -0.0196148  -0.01928658 -0.01880754 -0.01820883 -0.01756747 -0.01689583
 -0.01624587 -0.01559535 -0.01496156 -0.01435241 -0.01377006 -0.01320675
 -0.01267518 -0.0121675  -0.0116855  -0.01122466 -0.0107869  -0.010367
 -0.00995786 -0.00958219 -0.00921362 -0.00885928 -0.00851748 -0.00818687
 -0.00787325 -0.00756729 -0.00726765 -0.00697229 -0.00667962 -0.0063875
 -0.00609288 -0.00579247 -0.00548381 -0.00515217]
